11010111101001000101101010110110011100101111100100110101110101100001110000001101000101101010101111001000110110010010011001110010
10000101000000110111100111111110010010111001011011011010010011111110001110100001111000110001010010011100111101101000011011110100
10101101010100111000001000011110100101111110010001110011000110011110001011110110011010111000000000100011000111101110110110101110
00111011101011011100010101101111010000001101001010010011111111100011011010011110101100001110000010000101001010101001001110001101
01010100010110000001101011110101111000010110101000001111110101000110000010011001101010011000110111101011110001011100000110011000
00111000110011100101101101100111001000101101110011100111111111101010011111001100100000100001100101101000101111110011011000000011
01001101010111000110011001111111000110001000000001110010001110110000011000101001000010101110111111101011011110111110000100011111
01010001111110101010001011011110010010110011001000100100001110100100010011110100011101110001011000011001000001100011000011100100
11100110100111011010011001001001010111100100100100001010001011100001110000101111000011001111011100111111100111110111001000000001
10101011010011100101100010110000111001110101000011001000100101100101100110111011010010000000010001010100010011111010001101011001
00101010011100010000110111111010110100000110011011000011111011111100011011111101101000100011110011011000111000110000010111000100
10011001101011010111100000100010101100110000111010010010001100000001000001011100101101011010000111100111011110100111011000100001
00000111010001001001111000011101010101100011111011100111110111010010000001010011000100010011101101011101011100000101011011101010
00111111100101100101000010110011000111010100110011010000000101000010101111000010101000101111110000110010010110101110101110101010
11000010100000101011010101111001101011101100000011111001111111011011101101111000011111000110001011000101101010101111101110010101
00101010100000000101111001110010100010001001100111010110100010001000111100011010101011011101100011111100100101000111110000110010
01011100101100000110001101101111100000001001110001101000011001111100011100101110000111010000111000010101100110111011101010100101
10111001100011110001111100101110000110011100110111001010011001000111111011111111110100101100000000011000110010000011010001001011
11010011010110011011111110011100010011110000100101100111001011001010000110101111000100001000010101110100010000011010100111101000
11010111001011000101010100101000101101010111010111011011001110101011001011100110111111000000110001101000001001001100010011011110
10110010001001110110011110000100011000100001011100010000101100000101100100110110001010010000100001101110001100010111110101100101
00110010100011010100011001100010101100110101001001110010010100100111111111001011011111001111101001110011011111111001000001010011
01000101011110011010000110100001100101110110101000010111101111100110101001100010101001100100011110010011101000000010110110110110
00100000011001011010010100010001010110001101000011001011011111011010001001000110000101110111100111100100011100101011010001011000
11101101011100010111111110010100101011100101000101111100010111010100001101000100011110011110011111110000110010100000100100100110
11101011000101100100001011111001111011000100101000011011101011011011011000011011101001010111010001101101100100111011111100001100
11101000010100111100001001111000001111010111000010011101011110100101001101100111001110011110101111101010111110110001011101011111
00101011010110000000100000100001010100111100010111010000010111110110011000110011100011001100011111001011101001100100101011001010
11100010101001111111110110110010010010111011100010100111100010111110011011100011111011010100011010101101011110100100000001010010
10100001011101110100011111000110000001111011000011101001001000100100111011010011001101101011101100001011011100111000101110100000
01100110111010000100011000000111000010111111001010000000000010101010110011111110011100101001110101101101000011111100000111110000
01010011001001110111000011001011110101101101111000000001010100101010011010100110110010111010011110010010001110110000010000011110
01100101111110101000011000011001011101110111000000100000101010000010111101000011011011000001100110001110010101011011001001010011
10000000110111000001111011011101100001111010110111101010010011001001101100001010000111001011111001101111000110000101110101101101
11000110000110100110101011110011100010010101111111110111000001010001000100100010000111110100000111001110011100111101100010000001
11110100011110100010001101000111000000110111100011111010100000001011111101010101100011100000110110101101100010000010110001011001
10100100011101101110100100000010001010011110110000011010001101111010001111010111100110001111001111001010000110001000111010010001
01001111010111011100001101111110101110100010001101001001011011001001110010001100111011110011100101100000010011101011001000000101
11001110000001011110100000100001110110110100000110101111010011010011010001011101000100010001110001010000001011011011011101011001
01011011100110110100100111101001100100111000001101100111100101101011111100001110000100011010011101101000000010011100010001010010
11010100111011011001001101111010000000010000011010010110011111100101001111010110001000110011000111100000101111110111101111101110
00110000110101101010001011110100011101100101011001101110111010100101101101001010010001110101111001100000111110010100100101011011
00011100010101110010110110000010110001100001001010100000011010110110110011101011110011111011001111000111010011110101111100000110
00001001100010010010000110110010011101100011000000100111110111101100110111010001111010101011100011001000001010100110001011111100
01100101000110110001101100000010111100111011101001101011101111111111100110100110010110100111001111101101110001011010101001011001
11010010001101101011100011111110111100010101111001010001101110011001100001010000000100101111001001010001100111111100100001101010
11001011111100111000101111110000100101101010100110000011001000100001010001110111111111000010010101001111111001001011101101111010
10100110100111010111001110100100110001000110010100101111111011011100101001001001010011100001001111100010011100000111001011100010
11111110110001010111001100100001100111000001011111011011000001111111000000000010010110010010100101110110011101101001010110111111
00110011110100011010011001001101110011100100100101000010111100111101100011000010100011001011101011000001000010110101010011010011
01111101000011101011000000001001011111101010010110011000100111010110100010010000101101001101111111101010101101110001001111010110
11001111000010101111111101010101110010010110001110010101011101001100101101001010001000101100100001011000100111100110110100111011
00011010000011101111011010100001010111001011010010101011111111000100000010001010110110010011001010110010010000100011001100001000
01101000111000011011010001100010111111111100100000010010110110011010110010101000011011000011101010101010001100101010010101101101
10100001001010000100010101010011110110110011110100101001101011111100001100111010000011000001000011001100010111100101010001101111
00010000001011000111111111000101110011000000000011000111011111101101110111001011110011110010110000101100001111010100100100011101
10101101010100001111001011010110011000101001111100111100001100101001111100110101111101110010100011001001010001010110010101011000
10111011111101000000000010000010101000011110110110110011000101101110101111001111100101101001101111000000001100101100101010111000
11001000110000101110100000101000110011001011101110011001010100111110110010011010000010011011001001010110010011100101001101110011
00001011010001100011011101110010011001100011000000100111000100000011111001100010001000011011011101000000100001000001110110100110
01111110000100000001000001111001100011000010100011100111110011101101000010001110111110100001110110101101001100101101010101011010
00110010110100001100110000000010100000011011110111110010011010001011011011010001000011111011000101001101101101000000111101000001
10111011100110000110000110110000001001001100101010010011100000110000001110111010110000100110011100110000111011010110000001110000
11101001111110111000000101100110011001110010010101100011111101010111001010010000111000110111000001001001010111011010100101101000
11000001110100011000110101010100001010111111001010001000011011011000001100100100111000001100011011001101010010010011111011101010
01011110111001111001100100110100001010010100011011001110011110110011111101100110001110111001110001000000011001010100011100110101
00100100101000010000000000100000100011100100110110011100001110001110101111110011100111001100100100100000110001110101110011100011
01011011000000010100010101010110101100001010100001010000011101100011110100100100100110100011011101001011110100101100010101010111
01101011101010001001011011001001111100001010011011010011001101100101010101011000010110000011001001110110011010010000011100000001
11100000111101101101010100101110100000111011110000000100101110011110010011000101101001101001011001001010011101000001001100110101
11111100000000010101110000100001011110010101010011101101010000001101100010101101101100010010100111101101111110001111101010100010
01001001110001000000111011010011101000110000001100110011110011000011011100100001011001011000101101000000110111011110001100011010
10001010111000110010011001000100010100011101100110101110010101000100110001011000000011011001101110000110010110100011100100101101
11001101001100010011010110110010011011110100111011110101010011101001110010001110010100101100001101010100110101011110100010111001
01011111100001010001000100011100001001011000000101001111000001010101110110010000010111011000100010100011011001101110000011011010
11111011001000001011111100010000010100111011011001000010010000011011001000111111100101101111110011010110000011111010010000111011
01001111001011100100101001001100010110111000110000110100011011001111011011100011010110011100110101010000000100110000110001010011
11110010101101110000101110110110111010111011000011011101010011111100011001101011010110100110111011101000101110101100111101111100
11110001110110000111000111110011000111010011011110001011001110110000110010000111100011100011000011001010011001011110110010110100
00001110101010010001100100100010010000100111111100011000110110000010000011101110011000011011110011111100010001000011001110100000
00010001001111110010111000001100001001001110000000111001001010110001011111100100011101100000100000100000010001010101100010011101
00101111011111101010011101001110110011101001001100001010100011011110110001000100001100100011000110010010011001010011110001001001
00100011011110001100110001110101100011110000000011001001001110111111101110010001000011011110000011110100001000011010111001000110
11001010110100001101110100100110101111010011010111100110110000011111001101000101110111001100000001111001100101110100011110110110
00001111110100000111010010011000001011111001111100101101001100010010001011011100011110100101001111000001000011110011110010111001
01010001000101000100111101110110111010101010110110001110111001101101101010101111110001011111111001110011110100010001011110011101
00110111000101110111011111000000011111111111111111000011100001111011010001111001001111100111010101100110110010101000101001100000
00010101100111011000101010110101100100110010011010000011110010111000110010110101111011010110001000111010101110011111101101001000
01110011110111101011100001001111101111100010010111110100000010111011010111010110111101100100100000010101100010000000000000110111
10010001011111010100010011011111000001001000000111110100101010100101101101111001100100010101011001000101111100011001100001010101
11111000001011100011101111101010001000100010100011110101111100101010000101101111110100100101100101101011000100100111011110100000
00001110010000010010001011010001110100111011010011001101101000000001111011010100011111000000010001110001000101001000100000101101
01001010111010110011001011010100111011001101111111010001010010111110000000111111110011000110001100100010101000111101110001100011
00010101001001010100010000011111110001011101110110101110011001101111110101100001001000000110000011101100101100010110010001011000
01101000111010010100001000110001010101010110001011001000100001001100011000010111001000011110111011001101110010001001000001110111
01110111010011111110001001000100010010001110001001101010000000110010111011111001001101011001111111011111101010100001011000110111
11000100110001101110010010001000100010111100000000100100011110100111111001110101110111001000100000001001110001111011011110110100
00011001111000001011000111110100001101011010010010101101100001101101001110000110011010010000010110001010010100001011110010111101
00101001111100101010010101001001110001101110110000110110000000101010011000001101100011011011110011001011011001011100000111000101
01111010111101011001001101101110001110011100000001010000001100001010001011001000111010010011110010110000100110101010001000100101
11000000110110110000011010010010101100111110101100011011101110101001110010110110110011000010110000001000110110110111001001001110
10111011101011001100100011001011000100100011110100110011111100100101010100110011001011001010100111000100011101110100011010110111
11100001011010000110110001110001111000111000110000011110000101101010110101110011100100000011100101011111001001010110000001101010
01101100010101101101101101010111001111111101111010110010000011001001001101100111000101111101110001000000001011011000110111110011
01101011101010101011110100100101101011010000111111110000010101001010101101100001100110100001000101101110010000100001100100111101
11010111000011101110001010000011001000001100111011110001000011010110001011100110010001001000100110001001100100010100100011010010
01011000100101110111111001101011000000111111000101100010001111010110010011010000000110101010010010011100001001100110001110010010
00100101001101001010000100001110000011101000111011000110011111111101101010000110100111011011000110110011000111110011011100000000
10010101010000100111011010100110010001110001110100011101000101000111101111011011010110100101001001110000111001011101011111100000
10000111001101100100010010111001101001100011100010100110110110000000110100101011000000111010000101101001001000010101100010111111
00100100011000011000111101001010001101011101111010111011111010001100000110100000100010000100000001001110110111011111010111111010
11011101111100111001000100011100000100101001100111110001000001101000101101010101101000100111001110011110010100101101011011111111
01110011010111011111011011111011111111101000100001010101000011000011000001111101011001111100100001010011010111101111110101101001
00010111000111010011001100010111011100110011100101011001110110110010111001110011010010001001011111000000101100111010111100111010
00101110010110110000001011111111111001101110101010101000010011101010101111110101001101110011001001001111110111100000011101000101
10100011001111011011010001011000101001010110111010010011011111110101010010011001010111001111110011110010010010110110110000011010
01101100010101111011110001011001110111000110100101010000011001100110011011010011011010000101101101000110010100100000101100100101
10001110101101010001110001000000001101001001111101111110110110101010101101111011101010010111111010010011000111111110010001110111
10001101010000110011110101001010100000111101100101111010010110111111001100110100001110101011001100100000010000101010111101010010
11001010000001110010111111101001100000101110000100110100010001010010110010110001100101101110111010010010001010011100101100001011
11000101001100001111100001110100000001000011100011110111101010011001000010110110011011000010101000010000010010010001000001101001
11011100001100110101101000000011010000011101110100011000111001101110110010010111010010001111111111100010100100100111001111010110
00011000110110011110111100011010011101111111100001001110011000010011111110001101110100000110110010110100110000100010111110101100
00011110001010001000011000011011100110101001011010110010100011100100101010011001010001001000100101001000101100110010011011111011
11111000111010011101111110010001101101010110010011110100001000101001111001001100001111001010100100000101110100100111010111011000
00101100010001101111111111111000111010101000001011010001111000001100101001100111111101110100101111111000001100001110000011101011
11100101010001111110011011111011000000011100111101011111101100011110110101011101001110100001001110100101110011011010101001000010
11010000100010101110101011100111000111101001110001000001000101111000110011110000111101111001001000001010011110101110010011110001
00000011100100010000101101101110011001011000110000110100110110011011010000111101001001101010010000011100111000000110101011011111
10010000000010100110001011011100010010000111000000000010001110100100010101001100011010000001100011000000101010010011101010111111
01011111100001101111001100111000110010011011001001101101000100101011110101111110001111111000000101001110001111001101011110111100
01011111110110011101000100101111110010110101111110001110001100111011010001001011100011110001000010010100100111101011110001111000
11100110100110111101000101100001111111110001100001000000111101011100001101110111011110001001110100010000100101100100010001100110
01011100111101100001100001011101000011110011110101001101110110010100111011110011100101010010110110011111001001111111011010111111
00101100110000111111111100101111101110111111000011111000001110010000010100011100100000011000001011000100110100001100000101011000
11011011011111010010100010000110101110010110110000010011001101010111110111110000101010100011010000000100010101010011010110100000
11000111000001111011000101010110111001110110001001100110010000100101011001110010100111111110010111010000100000111000111101011010
01000011101111000101110110011101000110011010111111101001011111111000001011000001011000011000111101101101010010000110111101000000
00000000000000000000000000000000000000000000000000000000000000000000000000000000000000000000000000000000000000000000000000000011
