01010101101110011000011000010001110001000111000101000011101011100110001010010000110000011010100000100011000001110001000000111111
01100100110110011101101000011111010000000001011000100101000001000010100010111110100110010010000100110100011111001011110010110110
10010110110011011100110000000000111110110001001100001100100011001001100100010001111000110101001001111001001010110110010101011001
10111100111111101010100100010110100010001000101011111101010101101001001010100111110001111001100101001110100101011011011000001011
10001110000010101110000000110011011101000000001001000000101111101001110101011010001110110111000110001010101001110010100111111110
10101100111110010111110000000000000000000000000110111011101000101110100110001101101010001000010000001001101010001111010111011010
00010000111010100111001101000000010101100110101000000000000010011011110101100010100000011010111010101000111100100001110001010111
11110101110100110110101111100011111100100000000100011111011000000001000111000011100011100101100111011101010000101000111010110010
10010110011100000010001001010110010101010010001111001101100010011111100111001101111011110000110010000111100001111010110110110011
11000111111111001110010000010001010010011101001100011010010010010011110111010101010000111100001001001111010101111101010000100111
10111101111010010110110000111000111000101101001011100101101000010111101111110110110010010110011011101101100110000011101100101010
01011000101000010100010011101011011011001111000010100111111011011001000011100100011010010000001100111101100101000110111111101101
00100011101110011001100011100001101001010000110101100110001111010010001011000100011101010001010110001111101011100000010111011001
00101001110101100001000111100101100011001001001001011100010110011100000110111001101011000100000110000110010101011001010110011010
01100101010010110101010001111010110000110100001000101001101011110001011000100110111001011010111000000101010000011001110000101010
10001101011101100100011000110101100000001011001010010001011001001000111001110010010100010110000101010110111001010000100011011000
10000011011001101011111011001111001000111011111000101101110001100000001011111100101100001101100100001110110000000001111110101101
11001111010000100101101111101110000000011011100001000001000101100110011011010001101101111011000011101100010010001010000001000110
01010010000000110000111010100111101000110000111101011101100101101011000011011110101011100100010111101000101000011111001100001100
10000101010001111111110111110100010100010101111001101001011011111001101110000001110011000100100111010000000010001000111010001010
10011011001001011010100111100001101111010001011111110001010101001101111001110011000001100001010100011001110110111111101001001001
11110101000100010001010101000100010001010100100101111101110110100010100110000001111001101011111010000110101011111101101010000010
11110001100010111111010000110110111110001100011001011111111011100100111111100111111110000111101101011010111010111010111111001111
01111101100011101110000111110100010000001000001110100000101111010100100110001110110000101100010101100001110111001101111100011010
00000111111001010001011100111111011111000111000011010001001001010011100011101110000100010000100001100000101110000001001110000011
10101000111010111010100010010001011000111110101111000010000100101111000111111000001000101010101010110110001101001100110100100100
10001001110011010011001011011010101000101011110110000001011101000011010000101011000111011100011011001010010110111010010100000101
10100010110000010110001111011100101101111001100001110011101100111000000111010001100001110110010110101111000101100100100011101111
01001111100000111110000111010001100101100011110011011110010100010110011100001011011001011011010101100111111011010111011000111011
00110010011011110001110000100011110100001100111010011000001010100101011110101010001100011101101000000100011010101101110010001111
10010101111111110000011000001001111111101010000011000110100001110011110110000100100010101110101110111110110101010101010100110101
11111010001001101111001101011101010101101010110011011001010010110100101110110111101100100111111110101101111101110101010101101000
11101111101001101010101111111001101001010100010010110001100100101001011011010010111010011000001011010011100010110100101001000000
00010111001100110111100010011001001000011010111110011101101101110001010101011010011100010000111100011110110110101011011000111101
01000111001101101101011010100000000100111001010111010010010011100100101000010001010000100110100001010010111010101101000101100101
00001001001111010101000110100110000011110011101001110110000100011000001110001011110010101100001000101110111100100111110101110000
00101010101110101100000011101101111001010000000101100111001100110001111110100110101001011110111111101111000110101001100100010001
00111000011011101110100000110011011101001111001111011001001100000100101010101000100011110111001101011001010010100111001001010000
00000010000000111101010101101001110110001110000001001101100011100001000110100010000001110110110101110110100100111000110010011110
01100011011001000001111101011000010111010100101010100010001111100101001100010011010110100111011111001111111101111101001000111000
11100001111110010001101111101110110101111101011001101110111000100011000111001011101001110101100000110011011111011100111000100101
10110011101100100001101001111011111101001100111111000110000000100101000111001011010000101001010111100001000010011000010011010001
00100100100001010111100101110101011101001011000001001001100100101111011001011000111110010101100110011111001011111101101100011000
00010111111010100010111101111101011111010101010100001111010000101001100111100111111111111011011000010100000111111011111011001010
00000101110111101100001010010001000100010011001000110110110000011111000001000101111010111111111000110011011111000000100110010011
01001011000000111100010010110101111010000011010001011001111111010001101110000010001111100100111001111110011010100000011010010001
10001001110010000110011011011101100001000001101001101101010001111110010001111010101011001110100101101110100010011010001010000000
01010001101001100010101111010000010011111110000100010000110101010111100001111001110011100000101010001111100110110000101100001111
00011011110010000000100111000000101110000101110011001110101010111001100000100011010100000111100111110110011011000000110011010111
10101011100001010010111000110010001011001001100111010001010100000000010100010001010110010110010010000111110010010101010110010010
01111000101110010100111011111000011000010011011001010101110011000111001101001110110111110110100100000000100100001011110000000010
00000000111000101111101111101001111101101110010101100111011101110100100101001010100011111101101110011110111000010010100100011101
10010100000010000101001010010010111011010001101001001000011101010001100001101001010101110111000101011010000011000111011011101100
00011101100011110110000011010110111100111011110001101110011001111000001111110000001010100010111010000101101010010000100010001110
01100101001000000101010100001010100110010110000011011111010000010100000011010110100110001001000000100000101000111101100010111011
00101101101011100000101111111101111111001101010101110010100111001101100110001100101011110011111001110011010010111010011110000001
11110100000000000000110011011011100100111011011010101110000001110011001111010001011011010001101100000001100110001111010011010111
10000110111111101000001100000111111010101010001011110001101000101100010001100110000011111100100111111110011010100010100100111001
11101100111101000100010100000010001101100101110100100000001011001010010010110110100010001011111000101111111111000111101110101010
00101011100101101011000110001100011101111101001110110110100110100011000010100000011011100110101110111111011010110000010011011001
00100011100000100111010010001101110100101101001111000011110101010000001011001011000110110000101011110011101011100110010010001000
01010011100001010101001001001011000010000111100100111100100101110100010100111000111010000100010111011011110011110010101001010011
01101001010111111100110100000011100100101110010011111001111001011101011111000001010111110100000110110011111000101100100111100101
11001011011011101101111010000101001000101011001101100101101110111111011101101000101000100110100100010101010101010000011100110000
00101110000001110000001111011101111101001001010011110010001001011100010010011001111011100001101010001000000001101111101011011001
10011011101101001110110001010010100010000111010000010111110111110001101111001000001110001111010100000001000001111011101001001101
01011011110011010001110011100111111000010011101110100011110101011001000101001011000010111000001111111111010011111110000001011101
01100110101101101010011010010100110100111001001001001100100101110100100110101010001000001010111111010100010001110110110001011011
01110011101101110000101110010110111010010100100111111111001000100100100011110101110110111111111100111010011101101110111110000011
00000101011110011101000110000001100010110110110110110000110101101001101001100101000101101000101001010010000110111011110101111000
11011100101001110000001100010010011110100001000010000001000101000111101110011111100110111000000001100100101101011111100100111010
11001010101111001000011000011101000110101111100111100110010100101100001110000101011101111101001000001001000000111000100101001011
11010011111100011001011001111110101010101011001100110011000110100010001100100000010110110010100110101101110000111110111111101000
11100100110110110100001101000101101011111111110101101000101001110010011010010110101011010110111101011011001010000100100101011101
10110100011000011001101010100100011010111110000000011111111111011110101001101111111111010100101001010001101011000010010000010011
11010010001110010101010101010110000101101010101101011111101011110010001111011110110110111011111100100101010010011111000100001001
10011110000100011010111011101011101111000110101101001010011000011110011110101101111101000000100110101000100010011001011100101110
10011001010111110001110000011010001110001010100000001111000000010010110010110010001010001001011110010000001000000110111000010001
11101000101000011100000100011001101000100010010100000101101100111000001010110001100111111010010111111011000001001100000100101011
00010011011011000010001100010110001100010101110001010101010111111111000110101110110101011101010001011010110010001110100110010111
11011010110001100000111111011110110010010111110000101001110011111011011010101111000100101110110010111001110100111011010001010011
01001000100101001000111110111001011110011110001110111000100001010010000100111011111101000100010000100100101111101010111000010001
11010111110000100001111100100011000100000101001001100101000010010001010110001100111101110110100111000110001111010111010101001011
01101010001001011110011110001101001000101000111010100110101001101011101010000011011000010010000011111111111011100111011011011110
10111111000100001110001110011011101111001110000000110110001100101010000100010010110010010100100100011001111001111100011111011000
01000000101000000111110000110111011000010010010010101100110110110001111001010111110100111000100110011111110001010100100001111011
01001101111001000111011000001000100010010010000110011000001001011110011111001010101001111011011010000100111110111000101010101000
10100100000001100100010101100001011010010011100000101110011101111101011101101101010010110100000110011011011101001101101111000101
10010011001101110110010000110110101111101101111001011001000010101101101001000000010110100111010011011100101111000000001101000000
00010111001101000000111001001011111010111100010100011100101101111100111011100001110001011111011010001110010110111000111111101100
00010010001010100111001110100110000000010100111101000000010001001011001100011110101110100101111001001011111000111001100101000011
10001010001010010110111101100111001101110110010101011101110100110000110100110111000010110010110001001011110010000010011011010111
01011011100100110010110010010001100001010110000110111111110110110001010010011100011100110111011011011101101010111000110000010010
00110111111110100010010101100000000111111110101110000000111101000101110001010100001011011011101011110101101011011111000010011001
10011011100001111011000001111100100011101011110000110100010010011101111011001111110110001101111010100111011010111010101111010010
10110000010100001011100010011111111011000100001101111010101100000010001110011000101101000011011101110000110011011000110011100000
11111011111000101111100111111101111100111010110011110001110110110000000100111011011001111001000010011001101111000000111100101001
01101111010001000110010000011001111111111011100101001100111010010011100111110110100001001011000100110001000111111111010111000110
10000110000111011100010100110111111111100000100100111111001001010101011110100100101001010110000011100101011000000111000101000101
01110010100000010100011010101101010111000111100001110001110001011010101010110011111010001010010110111011110101000010010110010111
01011110000110000111101011100000001010100010010101000011010110111110011101100011000101110011001101001100110011101110011110111110
01100010101110001011110001000101000100000111010011110111001010001001111100110010011101100110001101101100100111000100111111000011
11000101101100011001100110000000101000110011100101001111001100011100010011010010010011110101001111001110000001011000110000000110
11001000001110111100000110011000111000000000100000101100001011001101001101110100100110001001100110000001111010100011011010010011
11100011100110100100011001001101001000000111110100011010001101100100110011100101010100101101010101101101011110110100111101010000
00011110010001100100000001101000000010111000100100001011110001001011010011010110101100011000111010010111001110110000001101001110
00101111000010001111101001100110111111000010011110010001011010000001010111100101101111010000100111100001100110010010110100110010
01100011101011110010100111011101111110111001110100100011000100111100100101100100001110110001110101101100000111100001000100111000
01001111100110011110000001001111011011111100011001010001110000100000111101101101001101011010100001011001010010000010110001101010
11010111110110001000101011000001000000100011100011001001011101110111011110011000110111011101011010100010101000001010100111011000
11101010110110010110000111011011100010111001110111001000110001010101000100011000110111011010001001011110011101101001011111111111
01100100111010000101101100001001100000100110001111000011110010111111111000111111010010000000110001111000111001000110110000001000
11000111011101011001110101101011111011111011001111011111011111100001101110100111100011010001011011001000110011111100110111110011
00111111100010001100011011111110111010111101011011111100011111111000010100100001110000010001000001100100111001111111000001111110
01100111011110010010101110111011000001100100000001101111000110100101001011111110110111010011110110000000111101001101001000111101
11000110101011010011010000000110011011011010111111000000101001111110000101100110110010010001101100000111100011001101010011011101
11111011000100001010100110011000010010001001111110001001101000110011010011011000001111110011110000010110110001101000101011100000
00010100000100111011011000010010100001110011111100101101011000010011110111110011100100011111110011110011000111000100011100101111
01101110110000011001011010001101100011100010111101001001101100100010110101101010110101011100011011000011101100001000101100001010
11111101000011111111001000111001110111000001011110110001010111111011011101001110001011011110101001110010001100001011100011000000
10001101111010011101011101011000100010010100000100010001100101110000110100111001110110000111010101100010101111101111001001010110
01001010001101101011110110000011000100100001101110101100100110101010011001100110100001101001010100100111011110100000001011111000
11101000000001101111000111101000011100001000000001101010111100001011000100011010100111010111001010110010010110011011101100001001
00011110001100101111111001111001110100101101010010101111001001101000110100001101101001100111011101101001100111010000001110110110
11000110101101010000100111011100011110010010000100111001010110011010010110000110111110100011010010001000001101011110101101000000
00100001110001100001010111000011101101010110010001101001000110101111110110010011111101010110010010100111000011110111101110001111
11111010001001000100101000110011011000101000010001011010001110110110111011111011111001011010000110011110110000000100011111011010
11110001011101111101110110110011111010101010111010000100111001010011110101010100000111000110001011111110000111011000001110100101
01100011100011110001001101110010001111011011110001010001101110111101101011100101010000101001111110111010111000101110111011010001
10001001110010100101001111001001011101010100100111001000100010001000010000011010100111110101110111101011000000000011100101001100
11111110101000001110000010010110001101111011001011000100100110101000111100000101110111111110000001000111010000100100000100110010
00010100101010110001010100011101000000001111011001000110111011010101111000100111101010110011111110110010101010110000000111010001
01110110000111111100110110101110010101001011001101010100000110001000100100110011011011011101011001101111000001010011100011101010
01010010010100101011011110101101100111101010100100000100101110101010101001011000100011100000101101001100011110010100001011101001
11110000100011111010110011110111111010111000100101000111000011000001111101111010111101010101100001011101001100001101101010000101
10010101111001011110110111010100100001010111111110010111000111111110111010100011101100100110101011101010000101001100010001010011
00000010111010001000010010001100100010111101100011010010110111110000111010011011000000100000100001001011111001011101111100111010
00100111110110010001111101010000000100001011110010110101011010011110011010010000011000100101110000010001011010100111101111100000
10011001111111001111001101101010011101111010010000101101111010010001101001110101111000111101011010110100101001010010101011100111
11011001010100001010010111100010111011000100000110000000110110010110100100100110011100100101000101000101011110010110010001000110
10101001000001110001010001001110110010000000100000000111100011011000000101010001011001001010011011110111100010000110001101011110
00110101000010100010000001101001011010110000100110011001010000110010100001111010111101010110010110110010100100110101000110100001
01001001101011100111001110101000111111100101001110111001000101011110011010001111110000001010010110111010111000110001011111111011
00010001000100001100011110100101000110001111101101000110001010010101011001110000010000001111101111101101010001000000110010110001
00001111001110000010000101001100001111110010111001110111001111000100001101110010011110111011000101110110011010110101110110011110
00001011000111101111001100011100000001000100101101101010110111001110111110110011100111100100001010100011100000000011101110000100
10010101100001101011101000000000111011100011000001001010110100010010110000001001100001011010101000110110100000100011011100101010
01101110111100111001100011101000101110000010101110000101101111100000101100011000010000010100010001001101100011110011110010011000
11100110101110000010111101100110010011110110100110110100000001110111110010010101111010011100100000110110100110000010011001100001
01111000011010101000011001101000010000001101000000011110000001001010101011010100010000100100010001001110011100011011010000001011
00010011011111100111100101000011011011111001101101101111011001010111111000110000101010110011111010010000001101110101100100011110
00110110001101001101001001011011010011111011111000111111101001110000000000000010011101101101000000000000001110001111000101110101
00000000001011000100001100011100101001110110000111110001110010011100101000100101000011100100010001100100000111100101111101110110
11111111100110000110010111101011001101101111000111000111100010000001110011111111110011100101001100001001111000001001001101100011
00000010100101010000110001100010111001001011100000011100001100010010001010100011010010000111001111101010000110001010111110110001
01110110101110110011111001110001010001110010011100010011110100011111110000001100111010000000101110110001101010000011111000110000
11111100101001101101100001010010100111011011100111001100001101011110101111110100100001011101111000110111011111111001110110000011
00101011110000010011101010101010111111101110011100010011111001010110100101000001011111011101011010000001010000001100100111010100
00101001001111110010100110000111100100100110101101100010110111011010010101000011111110101100111110111100110001100000100100011101
00010101000101110110111100011111000110101111111001100010111010011111000000101000100010110000101111100101111110001000101110010000
01010111001011101100011110100110111110010000111011000001001110101001100110001101110111101001100111111101101100011111011111100101
10111000000001001110100010111101001111010111100011101010001110111101000010101110101001010101101001111000110010100111001100000100
11111011011010110011100100110000111010010011010011011111011000110110100110110011111011110111101111010001001000110111110011011110
00000011101010111110000011101101111001110111010000000011011000111101001010110110111000101000110011010110010111011001111000101101
00000010111001111000001011010000110111001111100011001010010110010000100010111010101000010101100101001101010000001111000101011101
00111110000010010100110101101000010000010001110011110011111011101000000010101110010100101101110001111001111111101101100110110011
10100010111000110001000010001011100111111100111011101011111000100010010101111100110010111100110110000100011100111000100000010000
01011110101100100011001011110011010001011100101010111100000110100110101111100011011010010001010001001001110011101111000001101111
00111000010010001100110101101111010110111000011000011011000101001010100110100110001011010010001010110001010010011101011011110000
01111010011011001101010101011001100000110101001100110010011011101001110001101001010111010111100110001001010111101010000000111101
11000001000010110011000110000111110000000000011110001111111000110000111111000100110000000101100010000000100001110000011001011011
11010101000110011110111000110100010110010011010010000101010000101011111101101001100110001000000001001001001000100111011000011011
00010110001111110110010001101011010110111111110100100010010111010010110011000101000100001011110000010101110001000110110010100000
10110000100110101110010110010001101101110101100101110100001011101111111010000110001100111111110001101011000110110100111101111100
00111101100000001111000111110111011011100010110101011010011000011011011110001011001011001111100101101011010001011010011000010011
11100110111000010101011011011110011010001110000100000000011000101001110100101100011110010000111000111011011000100000101000100000
01011100111011111110010100110001010100000001000100000001011111011100000010010011111100101111111011110010010110000111111010000101
10101110001101111101011010110001011100111011101101111101101011101101111110110101000011000011010011000100010111110000100011011010
01000011110100101010001101111101001000111000100101111101110111010001000001010001111111001110111101101011011111110001101110010010
01011100001011101101100001100110100100010011111001110001110011111100010001110011000100111100000010010101111010000000101101010111
10000101100111111010010101100010100001010101100011110001000101100000010111010000010010001100101101110001001000001100100111110100
10110111011011001011101001011001110110100100010101101100101100110001100010011101001100000110110001001110111110000011001101001000
01111101000011010010011101110100100100100110111101011100101011100010110111101111111100001001110011101101011000110101100000010110
10010110011001011001011000001011001001111011000110110110101100111100111010111110110001000000111110010110110110111010010011001001
01110010011101011000110100101000010100110011011010100000000001101110100001101110101100010001101011000000110101111011010111000001
11101101001000100010011010001110011010111111100011100001100111101000001000000110100010100111010011100110111000000000110010110111
11101011010010011110011110001011001011100101001101011110000110001011100010000001010011101000111101100111111110110101010000011100
11111011010111001111010100111110011110000110000001011111000001111110001110110010001110000110101001100000011010110010001001011010
10100001110100111001000000110000000000110011110100100101101000100100001001101100010001000010001011010001011100001001101010110111
10100010111000100111110111100111110001000000101000100110000000111100100100110101011111010110111000010001001111000001100000110011
00101110000111011110001111000011111001001101011011011001011111000001011101111101000110111001011100110111000011101010100001110110
01000001100000000110111111000001100000001010110000101110010111101010101111110010011010011000110110111011001110101011101100100100
01101111110110010000100001000101101000011001110100100010100001110100001100111100010101110110111011001000011010100010111000100000
01100100101010110101101101001011100010101110100101111111000110000000111001101001110100101100011111001100110011101111000000101000
01001100111010001000100110101101100110101110001011011000101101101111001001011001001110101110111111110110110011010011011001000101
10001001111110010110101100110100101010010001001110001111000110100011100110010110110011011111000111101101001011010001011110001100
00101001001000111100010011101100011010000110110101010001000010111000101001110100110110111011010001101101010110111011100011010010
00010000100111101000111101100101100010001101000100000000111001101101111111000101110110000000001000011000101001110100010110010011
10101001010100010110111000100001000001011011010111000001001001101000100100000101010011001000001111000010101111111001001010110111
10111101010011111100011110000110100100000110011011101110100101111011101100010100000010100111011000000110111001100101101001001101
01100001100111000110010001111100110100101100010111110001101101110100011101000001110001000000110010101101110101110011011001101010
11000000110001110010010100011110010110000100000001101010110001000011011111100010001011100100110011101111100100010010011111010000
11011111000110100010101011000001100111010111010110110111101110110001001010001111011000100110100100101100110111110000001101100110
11101101100011101101110001111001100110001000101110111101000110000001100110110101111100110110100011010000110110001011110101011110
11010001100110111010111000001010101101101100001010000010100100111001011111000000111010111000011100110000101001100011100111100111
00100010000011100000101001001000010100110000010111111110111110110000101111011011100100101110010001110001000101000001111100111110
00100101110010110011010110110010100100000010000001100001111110011100100001011001010001011101101011101110111110000011000010011011
11110001000000011111110010110100011101000101010011001110110111111001011000111111010000111001011000111001110111001000010010111011
11100100010100111000100001101101110010010001010011110101101110101110101111000100001100010011011011110110010110000101100111000011
01010110010010010011001100010111011010000011000010101010100110111110101110110110000111011110000101100101011011110100100011011111
01010111001010000000100100101111011100000101111000110101010100101100101110111101000001101001011011001010000101000001110111100011
01101001011110101000000100010110101100001000011001000100010010100001000111010001100000011100101000010011010001101010101110000101
11001111000110100101110110010101000101101100100100101101100110000011011100100000011000101101011101111010101101110011011010000000
10100110000010001010110000111100101001011011111101100111000011110100101111100101111111111001000110110000011001111011000110001001
00101000000011001110011010000111101100011010011010001010111111010100011111011111100011110101010010101110111110001110111111000101
11110011001110000111100010100100010001011111011011111101100001101010011100110011010010000101111111111011001001100111100110111010
11011010111111000110100011010110001100011000110011000001000110111000111001100111110000000011101001110100000100001101000011110001
11010110000010011100101000011110111010100001000000101111101101010100111111000111000100011100001001011001100111001011010000010100
00011100001111010100001000000000011100100101100110011010101010100010001100101111010111001111011110010110100100110100110111010011
10001010001011101010101010101001111110010100101001100010111011011101011110100011010010010111101111110110010010010100100011000000
01111011101010010111000100110001000001010010111111001010111000111001000010001011000000001010100100010111010100111101000011001100
00110011100111011010101111001100100011110110110010001110101111001100011110101100111001011000100010011111110100111110010111101100
10011110001110000111000111011001011111101101011001101011010101000100011110010110010110101000111111010110000010101101101001111010
11110011001001101111100100001110111001100100001101100100101011111001000110101111110101111100100000111110110101100011010010010001
00011011101100101000101010010111001111011110100010101101000101001110000101010000001110000110100111111110000101101000001000000100
10010101001100111111100001010111010101010111110111010011000001001010110100100110100001100110110011010001001001011110101111011001
01010101001010101011101011111011111111000011100101101001010001101001010010000100000101011100001100101101001101000001000011001000
00010001100100111000000100001010001011111010001111001110111000000100111001010011010101001110001011001100110000101000000010111001
00110100110111001011010111010000100101000010001001001100110000110000101001100001100101010100111000111100000100011110100000110010
00111111100101011101011010011110001001101110010100011110011000010111010101010111110011100010101000001001110011010011010110110000
00010010010101110000011101010100011001111010110010101111111111101001100110101111000101010110001001011100110000111111100101011111
10000101111011011101010100000101100011101001101010111011000011110000000100001101101110100101110001000010111111100111101000100000
01010001110111101101011010010100110101100010110110111001011111000001001010000011110110001010001110000011011000010110010100101000
10010010001001100100000111101110111010100000100000110001001001011010011010100100000000000110111001010001111101110111001010100011
10100011111010101110011000011001010011101101101000101001110011001101101011011000110011100100000010111000001111011100011001110100
11100100001011110000010001001111110000111111001101101010001111111101011100011110010101011101010101011001001000011011010010010100
10011111100111010000100010111000011110001010000100000100100011000111101011100000000010010001110100100001000100111100101101010011
11111100011010110100001101011110100000110011100111111111101000101100010000000110101111011111000010011101111100010111101010001110
01111001001011111111101100001000111001101001101011100111110111100100001001110000001010101011010101001011010111101100010100011100
01011101111011001001010001100110101110111001010000110001101001100101001101111001100011110110011001000011010101001010000011010111
01001101110000100101010011010100011000000001011010011010001000011101001100010001000010011010010110011001110100000011000111011110
01010011000011110000100111101110001100001101000010110110000111110011110011101010110111000011001010000100110001100100111101011110
01111101110101110011100011110000011110101110101111010010011111011100111000101101101101101001001010010010001001000001100111101101
11001110111110111111100101010101000000010010100010101100000100001001001010001011111111011001111011100011111100111100001010011000
00011111011111111101111011110101111001100111110111001100111101100110100101011110110010100010010011100110000001000110011011111011
00101000101010100011001011111001110010101111101111010111101111101110000011001110011010001101011001001001110111010001001111000010
11000111110100011001100100011001000111101100110101000000001110110000100011100010101101011111110001000000100000111010100101001011
00010001011011010110100000000110001101001110101111000100100111101000011100100010000100111101101011001001101111000010010100010110
10011000000010000000100111100100001111110101110100110101001100010000000011101111110000110010000101000110001101111110110001110011
01111001101101010100000110001010101110000000100110011000010011110010001101100110001001011001110000110010110011011111110001011011
00101100010011001101111111111011101111111000010100101111001001101101100100001110011111100010001100101100001001101011000101101110
11001010010010010100110100010111000010011010001111100011101100000001111010001111000001110100100001110110001101010000100010000111
10110101111101101110011010101100110111010110100111001101001001101001000111011010100110110111110000110101000011111001011110000000
00101111101001100000010011000111101000011110110111100010001110010100101000100001000101100111101001111011010001011001011111101010
00111101001111001011000011110001110000111011011011010100000100101010111010011001011010110111010101101001010110010000010111100000
11101010101000000101111010110000001110100100110010100001011101000011000111001100000100011110001011011110110000001000011011100111
10001011110110011111000000010011100111011010000001001011110111001101011111010010011111001001101110000111000000001010011011100100
10011100011010110011101000010110100111011101100110100110100110011110010011011101000010001110100111110001101001100101100110101110
01110000110011010011010010000100011010011010100010101111011110000001010111111110110001100100000100100100110100110010000011001001
11010001101000101000001011001100000100011100111011010110011001110101100001111100110101110000010110000000110000000010111100001110
00010001011100100010001001000001011010111101110001100100001100111101001010101110111100001111100101010000001101100001011010110110
01011011000111011001111101100011100111100111001110001011111100001101110001110001101111101011010000010111100100110011111011111000
11010100111011000011000100111000010100101010001011011011111000001011001110011001010000011010010010010000100101010000010101010000
10001100111001001000000100010001001000110101100001011111010010001010001010111010011101110101001000111111110100111101111011111101
10110111000001111111101001010000101100101001010110000110110111110111101100011100001001111110101010111000010100101111111101100011
10111110111101001111000101110100001111001011011010011011001010101111000001100101110100000000011010111111001010010100100110000100
10100000010111101110000000100001111111001101110000110100111110011010011111101111110001100000001101111101101010000010011111110000
10110110010100010001101001111000001010111101111001101010111100110010001011011101111100010011101011110010100000011010011011010111
10000101010100110110111011111111100011101010000100000100100011111011100010000001111010000010001111001111011010011110110101010010
01100101111110011111101001011000100010110001000010100010111111011110100010100011100011101100010001010111011010111111000001001010
01111001011010110101001000110010110000100011101110110100001000111001100111011001100010111111011011111101001110000001001100000000
00110111000111011111010001010000011000100110100011100000001000100011111111010011110011000011101110101111101000001000101000011011
01110101000000011000010000010001001101011110100001100001100001110011111100100100001010001000111101010100001101010000110000110001
11100001010000110010111010001111010001110101101110011001011011100111101110011101111001000100100011100111000010111010001101101011
01000010110011011000101010000011110010100111111100111111101000101000000101011110000010111000110110111101110011000010101110000010
01000011001111100000101010000111101110111100000010101101001000000111011000101101111100101001101001011101010011011001001101011011
10001010101001010001010101100100010011110100101000000010110100010111101001010010010011010001101101111101101000010001110010100110
00001000101110000100111100000110001111110000010000111010001110110000101100001001110001101001000111110111100110000010111110000111
01010010100000011000110111010001111100100000011111011011110111101000010110010010101011101000000111110101100001011011000000001110
01011111011110000110010110101011111011110110100000001011000101101101111000010110001101010110100101001101101100110111110110000001
00000000000000000000000000000000000000000000000000000000000000000000000000000000000000000000000000000000000000000000001111110101
