11111100100111111000010100001101101001110110010100000111101011101000101101110001111101111111011101101101010111110001110000001011
01000110111001000111011100110010111100001111110100000111110100110000101110001000101011111101111000011001101100000100011011110111
11110100100110010101001111000111010000010100010010011101111111100111001001010010000000111001011110001010110110111100100101100011
01110100010000101011000110011110110110000010010011100101010010100011110010010010000111000100101100100000011010100110111110111000
00100011111001101010110111001111111111101001000001010011111101001100001011110100011000111100101010010110011111111010001110010100
00101110111111101111001011001110101100111000101010100110110101011001010100100111111110001010100101110111100010010101001000011110
01001010010010101011010010110111100010010100101000111010001001110100111001011011001011110110000001001110101111001001011111011010
01101010000100001110111010011110111100011000110101001100001001000001001001001111110100001001111001001011100111111110101111011010
00010001000111100101111101010011110111000011111000011110101011000111010111011000011001111010000011110100100100111110110000001011
11100111010100100011111001011111100010100011100111101100101000110101110000111111011011110100011111100100100001101101000101000011
01100000111101011011001001110010110001010101001101001110110110001101110010101110101010110000101100101111110100100000011000001101
01100100010000101101110111000011011100111100011000010010001100001100011111011011101010000110010010101101111111011001101110110001
01111000111000111010111000010100000011011101000110110000001100001000110100111001011111100001111000001010101100110110111011101010
10100010101011100011000101000001110000000011010111010100111111111001101011010111001010011000110000100110111001100111111001010011
00101111100101000110110010111110101000100111011001111010111101100110011100010111011011100110010101111011010110110010001111110000
00110010010000010010001001010000101101001011111001101001011010100110001001000101110000100011010100000100001000000011111110001011
11011000010111001010111111000111100000011010110001100100001110110101000001110000011000101010011100011101100101100001111001001010
10111100100010001100010011110110010110101010110100001010100111100101110010111100001111010011011010011100011110011011001101111000
10100011100000101011110110001101000001011000111001010101110000111001101100100101010000000000000001001111101111111010111000111100
01011000111100001101101010011011100011000011100011101111101001110001111001001111101001110001000000001010111101111010100111010011
11010010101100101000001100101011110010101110110110010001001010000101001011001001101101001111000111000000001101101010111111111111
10110000010110011101011100110110110100111111000001001101010000110111010111100111111100100101011111011000001110000011011010001011
10010000111011100011110010111011011001100111010001110011001001111101110101111011111111000000100000111100011110011011101100001111
11100010011111000000000010011000110001111110101111000000010001100011001001100011000110010000011111010101000100000110111010101110
01101101110010000000001100000111001100001110000011100010010010001111110110000100110110010101001111001000011111000110001011100111
10111100100011111001101001111101010001101101010111110001010110101001100110000010110000000111000010111010000111111000010111011000
00111101000111111110101110001101110100000111011101100001011111011011110011010100000011111101011000000111110001010010001110001001
00111111111001010011101100001011110110110101010111011101111110011110001110101000011001110111111001001010110011100000001010001010
10001011000000101001001010000110001111011101110011110101111100100000000110111000001100000100101111000110111000101010100101100010
00111011101011110010001110010011001001100111011111010001111001101110010101111010001011010001001101101011100001101111110101110111
01011101110101110110001100110001101100000011111011111100111011001010010110000101100111010011100110010110011101011011001011111111
00001001111100001100010110000100111000110010111110001001111111011000100011110001010101101100011010100010101110100100111110101011
11110010110001111101000110010010001100110010110110111100110110100000100110010010111010010010001100000001100111010100010010011010
00010101101001001101010111100110000101010110111110001010100101111100111011011010100111100000101000000011001110001111010010100011
00000000101111101010010110000111001111110011011110011001100011101001011100010010101110110100011011111110001010100101110000101011
01011001111011101000111110110110110111010110011100100110000110011100011011110001110000010111010000001001001110100111000101010110
00101101000101111110110101011001001010100101010000011011101001011010010001101110111111010111000010001110010101100000011000010011
00000110010010000101111010101001100111011001000101100000100111000011110011110001011011110000000111101100000100010111100110100101
10111001110110000111110100011110010110010110101000111101101000011000000010101100100010000110111100001101110110011111000011010001
01101001010001101000011100110010010000001100000110010111001110010101001101010001110100100001001001001101101100110001100011110011
11011101010010010011001011010011110001100001000100110110011110100000000101111001001011010101010010110010110010100000110000011100
11000001111000101000100101110010011111000100001111101110101110110111010110101111010010111100110011110010011001100110000011101110
01001111001101101010110001100011001000001111101000111011010010111011010010100011111000000001101101101110000010110111101010000111
00010110101101001011001101110000000100111101000101011101011111111111010110101100011110101000010110110110011000101110011111000100
11011000101001101000001101010000110010100111010010011010011010000110010101101010001110001100000101100010111110000111001110110000
10011110000000110010111001010111100101010010111100111011101100101111111110001100000001000011110000011111011010001001100010100101
10111011111001111110110000110010010101111011110000101010011110001101110111101100001101110110001100111110111111111111001100011000
01100000111111111000010100100100000001110001001010000011111001100100000101101111100010001011111001111101011100100000110000111111
01110100110011111101100010000000001111110000111111000011001000001010100100000110100001001010100110101010111101010010101011100010
11100111001011101010010010110000110111011101100010010100001110000000010001011111110100111010000111000110110101101001100001000100
11110010100001011101100000110000100011110001011000011011001111100010110101000110110010100001001101100010000111110111001010000000
11010101010010011111001001010010010101010101111011101111011001100101101100000101010010110001010111110010001110111100010110100000
10110001001101100101000001110100000100000001010010010000010100110000101110110010101010000010001001101001100001100101001100000010
10001110111000100001110001110010100000001010100100001001101100111001010100101010000000100101011000111111000111111110011011000010
11001010010010110100100011111101000101001000111000111100000110010111110000101000011000100100010011110010110100011011101001000010
11101010101001100011000110111111000001110100000110001111100100000011011110010111111111001100100110111101100011001010001100011110
10010010001001011101100001000011101110100111111100011000101110000011101100111100101100011001011101100000101000111110101100100110
00011110000001111001101001010101100111110110100100001111110011010110101010000010000100101100010110110010011010000010101111000110
00111101011001111111100001001100110011000100000001110011011110100100100001000100100011101011001100101001011010011110011011011010
00111000011101011101001111101001000110111011111110001101110110011001100110111001101000100011100000000010001101101010110111100100
01100111100000010011001001001101010010001010111110110000011100101101110110001101110110110001010101001000110011111000011100011101
00100001010110001101101100011001010010010010010001101001000010100110110001110101011101111101100110011011111101001000111111010000
10010110100100000111110100100111001101101111110000001001111110101010000000100111110010001111010010000101100011000100111010010110
01111100001001010101000000000001101101001111011110010110000010110111100100011101001100111110111110110000110100100111010001001000
01101101110000001001000100100011101010100010111011101100110000111010111011011111011111011010001001100010010010101001000010010001
00010100101001010011100010000001101101000000011101100100011111011101101000100101011101101110001011010010101010101100001001011110
01101111111100111100100010010111100011001101101010111010101000000110001011111001001101110101001000110011000101010010111100001100
00101100111010100111110100111110101101000101000000000001101000000100011111010100001111111101111100011111001000011010100001100110
10001010111011100100100110100101101111011110001010000011110111110010001011100100101100111110000101110111010011001111100011011110
11011001111001000000111110000101011100100111011000101101110101000101111011101010100001110101011100011001100011100000111001000111
11101000001110000010010110001010110010010110000010001010100111011000111111111011001101101000111000011001110111101011100000001111
11100101000101011000110011000101111011010111000101111001100110011110101100000111101010011001110110101111101111001101100100100000
11100001101000010001110110111100101010001100110110111111011010101100010000011111011001110000100110001001000110111110010100100000
11101011010000010111101110101011010101011111110001010101011101111001101001100010010110010101010110111111101001111001110100000101
01110110101001000111101000101110110010001010111001001001011011101101001010111001010100101010111011011110111100010010011001001100
00010001011100001010110111001111111000111111111101000011111000000101011011111111101100110010110101110100100101011101101000000101
10010011100111000111100101110100110101101110110111001001111011000011010111010000110101101010111111111010000101001000111110010101
01010110000001001111000011111101010000001101101110101010000111110001101001000111101001001101100001110011010001101101111011101101
01001101011101011100001001100000101000111010101111111000000100011101010010000001110110011011111100001001000010101010110010111101
11110011001010101011101100100000011101000111111111010010111001101101111101011011101010010001001111100011010101000110000100011011
10100000101111000011000101111000111111111011111000010000111011101000100000011101011101001111001111001010000100011011110001011101
11100111101000101101110001011100100000010111111011110110010011100111010101000111000001111111110101100101010111101000001000011010
10100110010011101011110100001101100010000100110010100111001110001110010100001111110101100001110011100011101010001100000000000101
00101110101010110010001000110110000011101010000010011010010100010000101101011101111011110010010011011100010001110110000101010111
11101010000011000111000110011110001100000010000000000100010011001111110100100100111000001111110101001110110000010001000011110101
11010111110110110011000000100011011010000100110111101110100110110111001100111100111100100101001010110000000001100111010101010000
11101110100100011111010000111000010000111101001011111010010100100111011100110110001011111010100001100011000110111100111110111101
11101011000000111111110011010011011101110110011001111010111111010101011101101001001101010000000101001010100001011100110010001111
11100011110111111100110011010101010001001000110101010100100111101111101011010011101000000101010111110011111001100100001110010111
00000000011101111000111011101001100000010000011100111001011111110011101101001111100011001101101010111001111101111110111110001101
00101010000001100100010100001101110011101101111011001011001100011011111111101000010111000000101100011000111101011011101110001010
00000001101001110101101000001101011111011011010000001011111010010000010100111110111001101001101011101100110011111000011000111101
01011010100010011111111100001010010110101101001010111101110100001011011110010000001011000011000000001000001000001001101111111011
11010000101111001010100101010101001100001011011011111010111101010010101000111111001111100110011010100010011000000110110100011011
11110011101101010011010111101111111001100011100010111010011100101101111000101111110000001110110000011110111001000101111011001101
01110011110101101000101110001010101111001010101011110111001010011010010110001101110100110111010111001000101110011011101111011111
01100100100110001110110110010011001011000011010000011110101111100100001011111111110100011101011101000100000001001000001011011000
01011111111001010001110011110100000001001110000111100111011101101010100001001100101000101110001100011010101001010111100110100010
01011010001111000010101101000110100110111000001000010001110101001111000110001111111000010001101001100001000000101111010001111110
10111010111111101101101100001000110000000001000110100011010011011001000100110011011001010111101010010011100101000001100001000000
00110010100001010101111010010011100101111010001110000110110101011100011010100001000010101100011011011010100011111001001011101100
11110010001111101010101101110000110101101001101000111100010011100010111000100110110011010100100111100111111110001001011101010111
01010000011100111100100110101001001011101111011011000101101101000010100101101011101101010010110011110010100111110011101000100110
10001101101000110111111000000011100101110011110111000101011110000000101000001000011110111110101001000010111110000001000011000111
00110111110010011101010010010010010111110101011110000100111100000000001010110010100001100010010101100101100111000111110000010001
01110000100101011110001001111111101100001010101101101101000011011100100010110101011000101000010010110000111111001101011001111110
01111011011111000010001101010011111000011101111001101110010011111010100011000100001000001011100111110010101110011101000100101010
01101111011101111111011111100001101111000000110101011001010000110010110111110000110011010101010001011101111000001011000001111010
10010101111111101010010000001100011011010110111011000010111011111101001011110101101111010011100111000001111110001011101110010110
11110001111100011111011001001011100111011101110011001010010101000001011000010011001000000000111101011010000001011011011000100100
01111011110010110001110101001011101110110000011010011100110011101001111110101111100110011111010100101010010110001011110010001100
11000011000010101000011101011000111001100011100111010010110111111011001000011011000101111001110110100101010111000001101011100110
00101010000100110110111100011110001111011101110100011101110111001000010010000010010011100011111000110101111100011000010110110010
11011001010000011000010110001011001001000010010101011001001001100111010010101001100111010001011111110000001011011100100010001111
10101110000111011110110100111000010010011110100100001111000001110001001010011111110001110011111111000000010000010001000000001100
01111011001000001111101000101001110001110101011111011001111011101011111101001101110010100011111111011100011010111110011101011011
01100100011100110100100010110011100111110010011011000011100011101101100001111011001101001101001111000100000101110101001010110100
01001111000100100001101011100000010110000111111100001000111110111010110000011011000111011111101101110011100110111100111001010100
01111001001001111111010000111001101110011001011111101010100010110111110000100101001010111110001011110111000001111111001100011000
01001001011011000011001001000010011001010100010101101100001100101100100010110100001101010101110110011111011110010101101011000011
10110101011011110000111011010101101101010110000111010101110110101101101001010101100101101001100110000010110100100001100101010000
10011010000100110110011111111110010110011000000101110000110010001010111111000100000000001101110100010110011111011101001100111101
01111011010100011010110001111101010010001010001001010010110010010111111000001110011111001101100100000100011111110010110001011000
00001011011011001111010000110110011000010100100110101100001011000100001101001000101010000100000110110110011001000011011110000011
01010101110001111011011001010100011011111000001111110100111100111000111100000101100011000100011010100100100111111100111001100000
01101000101101010000100111100101101110000001011111001111101110000101001001011000000111000101010111010101101011000111110111011001
01100001110101001110001100011110110011011001101001000111100011000011101100010000000011100111011011011111101010011011111011000111
10111100110111001001101110001000010101111010001010110010100101110001001001100001011110100101100001111101000001111001101100110101
11011100000101011011111011110011010001101110000000011011000101011001000110000100011001100010100011000110100101010110101000001101
01110010000100000110100000000001010011100000010111100111011011100001001111000000001011110010010000101011010010111110110110111000
00011001100010101000000010110100100111001101001100011110101010100110000010100110101001100100111001001110000111000010110110010011
11110011101100001101110010110101110111100101111010010100011100000000011100111101111011011110011111011000100110010110010010011010
00110111100001000011011011100010011110001010111000001110101100010011011111101001000101110010001101001110000111110001101001111000
01101001000001000010011001100110010010010101110100101001010011111110100000101001111000100110110000101110010000000000001101011110
00001000101000100000110111110010001001100111101110000000111110111101110001010101111101011011010000011000110100110101001101101110
11101101110101010000100110110111111110001000000010001001010011001100001010000100010010001101111100011011011001011010000110110110
00110000000011110111000000101101010110100110011101001011010100110101100100000110110111010001110101010101010101010111011001101011
01001110111000110010100011011010011110110000110000010011000000010111101110001111100101100010110100001011101111001111110111001111
11111000110001011100001000001011010000110000111011001101000100110111101111010111011000011111110110011111010010110011011010101111
01000101010111100110000111001000111011110111101010111110110110110111000100111000101010000001110001101101010110010000111111101011
10001011101111011100101101000111110100001011010000111011100100100111001101010111100100000011000011111011110101100010001000110001
10110001100000111000100111110000001010000011100100010111100101000001100110011001001111000100111000100001110101100010100111101001
11110100011001111001010000001111111101011010010100000000010111011011100111011001101101111010100010100011000100011111001101000011
00010110111111111111110010111010111011101001100010101101000110001111101111101011001101010100101110010011000001110001001010000111
11111011100100000101100011001000010011001010111100000101001001000110101011100010101011110011111101001100110100111110010011010001
00010111000100110111110000010111010000110010001011010011111100111111000001110111011110110111110011010101011110010111101101000010
10110010010111110010100001011001101101011100000111010110010101110111011110000111010110111111000110011111010010101011101011101010
10000101111010100111101110011111011001101110010000000001000001110010000110111100011111000000111011111010101101101111011100101000
10100111001100000001100011010101000101110110001100011011011101000001010110011100011001111101110010000100110001101100111110101010
01110000010001110101100100100010100111110011011001000001111100111100000000110001011110100100010100110010000110010001000111111110
00111011001010010000010010100000101010101101010000100100011101111001000111110110011011111001001111100110111111111100010100001000
10110001000010000101001111001010000010110001010001100001011001100101110110001011100110101100001111110000100001111000111001011011
01110110010010110111010100001111111110110111101100000101101000101110010101000010100001011110111111111010100001111000011100110000
00010111010110001100111010001111000101011110001001111100101100011101100011010000010111100110100010010011000100011000101101101110
10101101000110001011101010101010011110001110011010101110101000001000100111010111111111111011101011010010010111010000000111111100
01101111111110101001111110001001001000011001101011111010000100111011011110100100010111001000001111100111011000110011100111100010
11101100101010111100011000011000100000100010100000000110101111100110110000010001011111110010001011100000011001010110000000101000
01001010000111010111100101110011001111101111011110100101101011110010101110110110000010111010000100010100011011000101101001100111
01001000110000010001111011010000111000010000011010111000011011110110010100111110111001100110011100011001110000100101001100110000
01100100110000111011001110101001100111101011011101000000011110101100000000011001110111110001111100110001110011110011100000000011
00110001000111110000011010100101111000100110011101111011001101010011101111100111001110100111110110000100111011010101101111101111
11110101001010011110100100000001011110111001011011110001101000101100010100001111000101001100011100000100100110101101011100110101
10111011000010111011011000011010001011001000011100111100001110100001000110110111100110011011101011100001101011001010111000111111
11100101011101100100111000111001010000010101001110101010111001011000100011001111101001001011011100100011011001101100001100101000
00111110011100100000010101100110101000000110011100110111000011011000001010011001010010011011110000101100010001000100010000101100
11100100100100111001000100000111110111100001011110000000110000111000100010100011000001001100011100001111111100110000001011000111
01000011111001010000110110110111001001000101001110000011001110110011011001100011100011110110001110000010101001010101101010100100
01111101111011000101111111111011001111101011010110100111101011111110110000110110101110011100011111011011001100101100100001110000
10110101110101100100011110010010101111000011101100011010001111110011101001101101100100101000100001001110010101110101101101000010
10001111111001010001001001011001100010001100110001000010100111101111000011110111101100111000001100011010110101011100101101000111
10000000000011000001101010101111000110100100011011100110101001010101010010111000001101100010001100001111001000011001101101110101
10011100010001101111100010011010011100100010111010011001010010010111110010111110101110010001101001111001001000110011010111001110
10011111111100010100111010111110011001000011010010101101111100111100000111001011101010100110110010001001111000110111101010010000
10010111010101001100011011001111010011111110101101000000111001011011000100110000111001010011000011000010000110000110011010001010
10010001111001101100001000100100101111010000000001111001011000011101110100111110101101110110011010010011011001111001011101111001
11000010010111000001100100100001101011011110010100000111000111101010111110110100001111010101001000110111010010000101011100100001
10100111001111111000110100011000010110100010011011111101111011001111101010110100111111001111001001111110111000111111111010101010
01111010001000101001110100110001110111110001111010001001000001101000001100001011110010111001001110111100110101000100000001101110
11100010010000101111011001001011011011000001110011101001110111101001000101001010100111111111010010000111001010110001111010110001
01000100110011110010101101011110111100000000100110000011010101111101100001111111010100100101001000111100100001001001100010100011
01010000010001000011000011000010111010000101011000001011010100010010101010011110000011100110111110000010111010101110111011001101
10010110010100010101000110010000111100001111000001011001001000000010110001001001000100101100111000010011010000001100000000111100
10101100011101110110001110111110011111110101101001010110010001110010110011001101101011111000111100101110110001011101011010101110
11110001000010001011011101101010100010111111001010110101110110101011011010011001010010110111010110100011100001001010011001010010
11100010110110111011000000000010000001010000100101011010101100111110100101110000010100011111001001001101000111101111100111100011
00000001110101000111011000110010010111010111111001101011111101110110101000001101000011011000111110111110111000001110000011011101
10101100010001011011001010101011110000110010001001101111000011110101000111110010110010111100001101011010011101000000111001110000
11010101010101010001111111001011111000000100001100111101111111011010100011100010001011100101111100100100111010110100001110011110
10001110011100101000101011001011100000001000111111111001101100001001001100100011010000111010010000100001001001000101110100111100
11011011101001111100011101001101010110011101010100111000010110011101101010100010010111111111100110000010001111000111000001001100
10100111111011010001010111001111111001000100000000110000000111111000101000001011110110100000101111000011000100000100101001001010
00100000001110011001010100001000111100001101100110010110011010000100010000010111000111101111000000100000011111010110101100001100
01010000010110010000101111110110101010101001101001010000001000111101000001111000101010010100001101100001101111000111100011011101
11000100110101100010000001111111100000010011011001010001111010001101000110100000101101011101110011000110010000111110110011101000
01100011010010111001110111010001011000111100100101011110110011101010010100111000000000101100001010100001101011011110001111001011
11111010100001110101000011111111111001000101110001101110000001011100011111101100001000101101110111111101110100001110011010011100
10111101110111011111001110001001001110011110001100110101010000000000001011110010101001111111001100110000100101100011001000010000
00111111110000000011101001110011111010010101111100010110000000010000001111101001001011101110111111101111011000110010000011100010
00101011000101010111110010000110101111101110011100111000000110111010101011001000111001110100111000101101111111110000000101110001
11100111100110101011010000111111101011100010101100101100001011100110010111111110010000000101001100000010110001000011111001111101
11111010011011001111101000111101010010000000000110100000010100101100011111000011101101101001011001010001010111101110100111101110
00001010100011001011010101111010001011100111101010100101010100100100010000011100011110100100000110001011000110001110001110100100
01010101101011110111011101010000000010101000000001001110111111000101101001011001101100100101011110000111110100010111111011111011
10111000100011011001001001111111101100000101000001110010110101000011001101100101010001000110001011011101100000111001011100010010
01111111111000110100101101110000100111110011001000111110101010011011000110000101011100110001001000101110110001101110010100000110
00110100110000100110100111101110001001001000011011011010111110010110011100111110111100111001100101010111000001100010111101110101
10100111011111110111000010011100001100011000111010000100011000100000011101100001111000101011101000000001010111100001101010101100
10101101001101110000110000010010011001001101101011111010000011000011001011110101100100101110101110011001111101010110100000101000
00000010101001000100111100110010010010110101011010011101101100101000111011001011000011100111101010100101010000111111101100111101
01011000000010101011101111010100010001000000001110011011111100101111001110001010101001111101101110010011011011010110100001011000
01110011111000011010100000100011001110001101010111100001000011011000001110001010110110101011100100011101000000100101110110011111
11110001001111011001111000110111010000001111011011100100111001011111001000001110011110000011010110110110001101111100111000101110
01110110111010010011101110001110011100101110001001101000000110010110001010101110111011010000101011101000001101011110100101010001
11010100010101101101010110111101001110000001010110110010100011111010011000010000110000010001010111111010101000010000000010000100
10001101101001010101110101111111101100001011101110111101101101111011111100100111101111101100101110001000010101100001111000000110
10011010010000100100011011100111011110110011011001010100000101000011001001010010001110011011101100101000001111001100111110001111
10111010110110011110001100001010110110001111001001101011110001010101100100000111111011001100101100101100001111111000010110101100
01010011111110001010010001001101000100111110010001111011010001011111001101101100000011101011010010100101101111011111111010110000
11100110110010011100000010000011011011010001000011110110011011100000001001110011100011111010101111010111110001000010111110011000
00111101110010011101000010100110111100110100111011010101001111001100101101101010110100011011100101111000101010101110011001100101
00001111000100110001000010010110101111010011111101111000110110010100100011001110111101000101011110101110101000011010000110100001
01110011110100111100101100110110011111110011110110010100000011100101110000001111111010001011111101010011100110000101001110100010
01100001110100111110101100001100001111101110010000000001001111111110001111101101100111000110011000110101010110011101011011111110
10100101010010110000100110101010110110011111101011111010001011010001010100010001111110110010111010110100100100000011010111010000
01001001111011011111000100001000001011000011000101011100001011011010111110010001111000100010000000111110000000111101110001101111
10101010111001101100101010001011010001011101111010100100110100110010111101010011110100000001100101110001110101111011101101101010
11001011111100100110010100001010000000111001101001010011110000011101100101100101010010101101110010000111101111100111101001011111
00011100111111110000001001101011111110001111101101001011001101110110111001111011000100011110111100010100110101110110011111110110
10110111110010010101001101110000010111011111101110111010000011000110001110110000000010111010100111111010100010011100010100101101
11111111011101010011110011000111111011101111011101000111110101001000100111110101111111111001110101000010001011100100110111100011
11011101101010101000101100100001111100101000111100001010011101011010001001000110010111010101111100110100001111010111100110100011
11010010100101000010101111100110001100111101000010101000101011011110010110001011111101001101011110001101100000100011100001110110
10011000011001111000100011011101011101110101001100010101111000110011010011001000110001001001000111010001100001111001111101001001
10110011111010011011101010101101111011010111111000100101001100011101001110001101011100010010110101110010011000010111001011110011
10110110001000000010111111110100101000010001100001011011011000110100110111111011010000111110011001111111011111100011110000100101
10101001110010010010011010101001011100001100100000001010010111110111101011001011011010101001110011001100011000010010101111110110
00100001100100111101101101011001101101001101000111011100011110001011011000101000101111001011010111000101011010010110101011011100
00011000111111100111000011101011101101011010101010100011111000111000001101010111101011011001000100110101001110110101111001100011
11110111100111100000001001100110111001111110110000100110000100000000101011100101011100111100010100100110010000101010010100100000
01111000001111101100011001011111000001011100101110100100011001101111100011010000000110010001101010010100110101010110101010101000
10111001111011010011100010001011010011110011000101100110100011100111011110100000011011001110111011010011000000001101100110111010
01001000100110011001000101100110000101010111100111000001011001010100000000100001100111000010011010110101000011110011100101000010
00101001110101000000100010011101111110111110001100111010011010101100010010111000101110100111100101101010010000011101100010011011
00101011000101110111001010101000101011111001000111101000000100011101000111111010111001001100101110011010001100000100101000111111
10001101101110001100011000100110010100100011100100100100011111010000110011101010101101001001001010001000001001000000111011110000
11001111011111000001100000001001101100110001000111111100010100100101000011010010100010000000001101000111000111001010001000101011
11011001101101001001000000000110101010001000110010110110110010010111000110100001011110111011010101110111111110010110101000011011
00111101011100111000101000101110011001100111110001101111111001100010001011101011000110000101010110000110010010111011000111101111
01101110101110100111100111110011100001001101100001010101111010110010011000111001100011111010010011101011010100101001011001101100
01110111110111100110100001010100010011010111101110101011101111001010001100110000110100110000011010000000000011011001010110000011
10101111110011010010100011011000011011111001010101100010011010110001100111111111010110101010111000000100110000001011010011111001
00111100011100000100011111111111100010000000111010001001011010011001010110110010001011110001100100100100011101111110111111111101
00001011011110111011011011000110100110011101110001010111000110100000100100111000001001010000011111001101111010001111101011010101
11110000101010001110100000000110100000111110011011010110110101111011001100000101101011010000010010110110010111010111001101101010
10111000110100111001000110101000110000011110001100100110111100111001000000000111111110110001101010000010100011010101111110000000
01101101011110110101001110011010010001101010010010111110110100110010011011000000010010011010010100101000000100110101011010100010
01100111001100101110110001110010000001010110001001001100001010110001001101011010101110101000100000001100101101000000001101001110
01000000011100001001101111111011100011001111011000000011101111001100101000111001111101011011001111000010001100000011101100111010
10100011011111100100011111010101011011001111011011100001110111011100001101101100110100011101001000001000010110100011001111011100
01001010011001111011011101110010101100010010011100111111101100011101100011101100101011101111001010111010001011101000011110000011
01010000111010010100111110000100111000110011111010011110001011001011101001001110100101001000000010100010101000101001011010111100
11010000010001000011000000101010011001101001101111101010000011110001001010011110101101101000000000001011010000101001011101111110
01110011111001000111101100101111110001100111010010011011110110000111010111101111010010110011100001010010011101101010011101111000
10001110001011010100001011011111011101001010101000111111011110010100001101011001101011100101101111101001110011111000101100100001
10011101101111111100011000101111000010001111001100011101011110110100101100000000000001101001100110101111100001111000011101111010
01011010100011001000100111011110001000111011111100100101011100001011110100111011101110000000010110100101101110000011001101100001
10100011011011101110101010000110111111101011001100011000010101001010101111000000100100100011000111000111001011001101101111001101
01001010111111110001100100100111010000111011100011001111101111000001110001101101010000110010111101000100110011000000111001011100
00100001101010100000010111100001101100111110011110101001110010101100111101000010010111111100010100010010010011101101010000010011
01010100111010011011001001000100110100011000010110111110110001010100110101110000000010100011100100101010010110010101010110100111
10001100001011001001011010001101011111111010000000000011011101001010000010011100110100100110111111111010101010110001001011000111
00010110011011111010000010111111100011100000011111000001111011100100111011110100111101110111110000010000100110110100100001100101
10111111011111100111100000001100011010010101001000010101100101010100101010101001001011001011100011000100110100101001111001000100
11010110101110111101100111101010110011011011111111010110010101001101111101101110010111101010000011011101011111110011000101011110
00101111101111100001101101011111000101000101111001111110111100011001001010111001000111100100001101110010100111010011000101011011
01011011110000110000010100110101111010000010011111000110000100011111100000000010001110110001001000000100111011010001110110111111
10011011111011011010101111001011100101110100001001000111001111110110001001111011011101000001111100001100110010001011110101110111
10010000100100010010111010010010010010110001101101001110011101101001110100000100011010100100010111101001110000111001001000101110
10101111101001000100100111010100111110010010111011010101101010111010111010100111111100110100011101111001001110101111011001001101
10001110110001001100100101000110010100011001001110011011101011101101100001001010011001110001110111010000000110011011010100000100
01111101110100111111111100111011010011000111001011001000001001111011011100011111101110110110011110010001011100111001111010011011
01011001110111010011001001011000100011010000000100010010101011000110110010101101101101111111011010001011111110000100101000110111
10011101011000011101010111101110111011100111010100100101001111001010110000001101010100010111000001011111110000111001010011110101
01000101101100111111110011001000101010100100100010001010011001011001101110001111000011000101000001000001101101101011010101101101
10111000000111011000100100101110110111111001101100100100010111111001000100100000110110101010100000100000001111101001010000111111
00000001101101101011001011111111100010101011100000110111001111000011111000010110101001010010000011101010111011010111101010000110
11101000001101111111101001100000101101001001111000000001101100001011110110010111101001010101010000100001001010000101001111100010
11011110000000111111110010000011100110001010001101110100101011110110111100100111011110111101010111000010010110011000011100110001
01001100001001011001000111010100101110000011100100010111000100000111111011000100000000001101001111101110110111101110110100001100
11110010010001011001101110111101000011011111010000101100101101001011100011001011001010111001011100000011110010001011010001101110
00101110100001111100001110011000101010101100000011101101011100100000100101110011001101001111000001101010101000110111011010111010
11101000011001000110010000010011111000101100111110011100100011100100110100101100001100011010011000001110100110101000001011001111
01110001100111010100000100110010101011100000100000010110110001001001111011100011111011110110001110001110110111111001110110001101
01110101110001101010001001110000001000000101101111000100001100001101110100100110001001100110010101110100111110000100101011101101
11010010100010111000011101011110011011111111010010010001010011100110000111110111110111110101101010111000100111100101001100100110
00100100111110111101011101010001000011110010100011001000001100000100111110010010010100000101111100111011111101001001011110101010
00000011011001000001001010001101100011000000111110100010111101010000100001000101110111110011101000011111001001010011011001000000
01000111101110011111100101111000000011001001111000101010111000000010011101101001010000010011010111001001111101010000000110101110
01010010000100101100011110001011010101111110100101110000001100100000000110111111000010100001000011011111111011110100001000111100
10000101001000101101101100011110111011101000100101001011000111010101011100110101101101101110010000111011111110001111000001010010
00011010001110000011000001001010001111110101001010000100100100000101000101100011101100010100000001100101001101001000010100010000
11000111110100100000100110110100010110111100000110100101010110010000111001110100011110100111011001110000010100011010010011000000
11000011011011001010100011001101001100101010100101001000000100011010000011010110110111110011111011111110110000011011000100000101
10001011111110000011011001111111001100000000110101011101000010001100110100111001110101001100010001010000101001100111101110100010
01010101000010100011001010011100101100100110000101110100010011010111101010100011010011100110100111111100010110111010010001101001
10010101001010010101000111010110011001110010001111111001110000110000010111111010001011100101101010100100111110001101100011011000
00111001101101100111111011100101010110010000101101001010100000110100010000001110010111000111111111001110100000101010101111011000
11101010110011010010111000100101001001011011100110101010110110010011010010100100010010011101100000111001110111011010110110010001
00101101100110001101001010000100101110111001000100001101111101011000101001100011110110111110011100101100000110101101000110010110
00100001110111000110111011001011101011100111011001100000010001001011111101000111000010111011111001110000011100010011000100010101
10010000010011101101010001101010101001101000001000010000101011100000010010101000011011010001100110100000010000110101011001100010
01001010101100011110010011001000000000010010000111111000000011011000000011010111000001000010101110101111011100000011000001010101
01101100011000100010101001001001011110000001101111101000111110100011110011111000000111100011101011101011011001000101001011101101
00010110011001100110000110001101001101110000110101000100111010011000011000101101101111000100010100001101010111100100010111010101
00011110111001000001101111011011100001001110100100111011101111000010001110101110001011011100111110001000100101111101110000011111
00010110101111111000101000101100001001101111110000110010100101011010010100100100011010101110101000010110101111101110010111010000
11000001010001100010101000111101001101011101111110011111100101000110001111101101001000111000000011010101001000111110011111111101
11100010111100010010101111101010001110111010100001100100111010111110100101000001111010001110111011010100001111000100100011011110
01111000000100101101101001111011111011011101011010100010101010101011111110001100010111111001110111010110000011010011001100000100
00011111001011000000111110111010111000101100010010111111011110010101001011111011001001010011001100011000001000001100010100101110
11010000000101000111101000000111001001011111111111010010100000001100101000011000110111101111100100010011010111100110101111111010
01011101100011101101110001111100101100110001010010111110000101010101011101010101001010010110000110111001001100000100110010010000
00000001110011101011101111111100111111000101001011100111011001001101010111111010111001000001110101000000110101111100000111111010
01100101001000000001101010100111011101001011001001110110001011001100110011000101111000010000010000011110100110101001001001010001
11001011011101110111110010101010011111010101001001000000011101000011001100110111100101000001101100011010000010011110110110011010
10100011100110100011111000010010001000100000111010011110001000100000110011011101001011010111000111010101100011111000100110101110
00110101000001001101110001011110000110011111100110100011100111001000001111000111010000101010010100001010011001101000011101010001
10001000000001111101111101110111100011011100011101001010110100010110010011111101101011100011100001011011100111110000011011100010
10100011001110110010111001111000010110101010110011011010101111001111010010000000000011011010101011001001100110001011001111011110
00010011110001000001111110111000011001000000000101000100110101101110101011101110111110101100101011000111000111010000000111001000
11110011010010111101010110110111011011100011001011111000100100010011011100011001110011101100111100110001001011100100111100011011
00010011101011001110101110010010100110111011111100010110110000000110000110101000010101000110111110000001010010100000100010010011
11100000100001001001101110001000000000101100011001001011101000100001110011100100100000000011110100000101010010101001101001000000
11011111001110000110101111110100000000010001011010010001111010000111111110010110101010100001001110010111100011100010001000101111
10111001011111001100000100110101010110101000110000011011011100110000010010010001101110010001110010000100111111010110100010110101
00110110010010011101111001100010001101110110010011111101011010000001110011101110101010101000101010100100001000101101110100111011
00110010000000111110110100101101100101110001110011011111101101010111111001111001011100110100000001010100100001011011001100101010
11100000000110110111001000100010101010111010000101101000110111101010111000011010111011100110010111100100111001001111001110100111
00101100011001010100101110111110000101010000110100111010010111000100010111110000000011111010110110100101100101101110101111101100
11011011000001110000100111011101001001101010100001110000101111000110110000010000000110111111110000001111110110011110110101110000
00101011001111010001101010110111100000011110100011000011111110100100100011000011111000111011011111101101001110101001111010010001
10010011111100001011111011110011111011101010000000111010011000100101001110010101000011110111011010001101001111001101010001110110
00101101100101101011100101010000001111000100001010001010010110110011100011100100101010001100011111111001110100000101111100110010
01010101001000000101110111011010000011010010110101011010110010110111110110001011110001001001100011101011101010000101100000011101
01100011100000011100101000111100011010110011101011101010011100000001100010010010000010010001101111000111000111001010011101101110
10011110000111110111010010110001100100011111100011011000110011001010000011011000000111001110101000110011010000001001011010001010
00110100000011101000010011111000110100011010001100011110101000101011100001011100111001000101011111101000000011001000010111110010
01111110001011111100011010010010000100101100101000110101111010010100001011011001110001100110011110100000011110010000100100110001
01010110010011110000101000010101100010111101101101011011111111101100001111100101001010110110101100010001001001001001100000111010
00110001001100011100111111011100001100100110000110001110000001000000100111110001111100111101110110000110111011101101010100011111
01101000001011111101011100111101011111001011111110010111000011110101001001011010100100010001001010111111110000010000111100111010
11100100000111110001111011011100110010101110000001010110011001001100001001111111000011001011001110010010000100010100111001011111
11101000101000110100101001100101101110100011000000000111100110100111111101100100101101100000110010000100100111110111011110000010
10001000110011110011010000111100101100000011111010011111101111101011001001100000010111001000100001101011110000011111010000001001
01110011001010000101011100101001110111111100011111110111101011111110101011010101000011011110111101100011110010101000010110100000
11011111100010001110101000101010100011010000110100000000100101010101110011110111000010000110101100010010110010111010101111100010
01110101010111110001110110000100001111101100010101100111111110101101100000010111000110000001000110100000101100101001101000001100
10011111101000001011110110011110100111100100010000100011111101001011011110010101111010111111001111010111010010100111010000100000
11011110110010101110110000100100011111001111111110000000110010001000001011101101001111111000000101110011100001110011001010100001
10000000000010010110000001101011010010011111110011101111011001110001111101000000111010011100010011000001110110101001111001000001
11011101010010111100101100111000001110110110100110100011100100111100101101100001010101010010111001101110101010011011011101001011
11000000001001011111101110110000001001101010101100000010110111010101111101011001010011110111000111000011110011010111111101111001
01111000101011101011110000100100111001100001010011100100000000100100111010010010101010001010010001000011000101100110000000101001
00000011100101101110111101111110000110100100110101010111111000101011001001010111010001000100010111000011000000011011011100000010
11101101111111010010111010100010100110110111101011000011101011110101110111101100001001111000010001011101011101101011110101001110
11010001101001111000001100010010010111100100110101000111001000011000111100110100000100111001101100011100110100001100110001001000
01111000010110011110000101001100000010011000110100011011100111001101111011010010011000101011100101001011111011011011111011111101
11011111011011111110101100010010011101101101100100101100101011001010101100000111110001001100010001100101001010001100000000111000
11010100001111110000011100111000110000001000111101000100010000111010111000001100011010011011101110100101100110010010110101111111
00010110100110011111100001001010001001011010101001011000111011110101011001100011101001001111010010011111001100101001011001110000
10001001111101010110111001011110010011111000001110110111111010100011011101010111011001101001110011100010001011100111110111010101
01001111011110010111111100100001111101100011100010011010110010100110101110001100011011011101100010100000111111110100000110010110
00110000010101000111001011000001111101000010100000001100100110111000101001010001011001001101101101001111110100100111000111111001
01010100001001111010100001010011111110011100011101101010011100111100110111000110000111101011001110010010101101001011101000101100
10010000110111101011101100111110010111001100011110110111111101110101101101111100010100011000100010100000000101101101111101000110
11001001111011011100100001001010111100001111111001110100010110111101011110101111010011100011000001011101000010010000001111010101
11010011011010000000100101100001101111110011101011101100011111111101111101000101110000000010001110110011000110011101101110100011
00111001000001001101011000110001110101111110000010110000100010110010010101011000010000110100111001001100111101110010010110101110
01011001101000000010011100001010000101000011100000010010101110010110000100011101011101110100100011111110000001110010110110101011
00110001100101011010010101110111010110110110100011011001010110011011000001000101000111001001101100111000010100010011010111100001
01111111101010110001001110101101100001100010001100000001111100100110001111001111110110101100100011001010001100000000100011001110
11111011100001110011101011110001001001001011011100010000100001111011000101110101100110001001010001001111010001001111110001011110
00101110111010101101000110101001110011100000101110001011011010000011010101101110100000101100111110111110101100101010100001110101
00101001110111100000100010110101001101110001010000011100011000100110001001001010110010000001100111001110101101011001100001111010
01100011001001010111000110101011000010010001000011101110111011010111100001011011100101101000001110100000000001111010000100100011
11100000110111010001011010110100001111111001011110111100100010010010111001110011110100100010101010011100101101011100111110011110
10001000110100100011001011100011001111000011100000011100101100101111110111111010110001000110110100001001101111111001100110000110
10000111011011110010010101101000001110001100011000011011011010011111110011111000000100010101010110100011111011111000011100011001
10110110100000100110100001011111100011100010000010011111111011001000110010100000000101000011010010101001100110101001110111010100
01111101000101111000010000001011000111101111001010001001111000000000011100101010110110010100110100010001010010001001000100010000
10111101101010100110000001110100010101101001000001111001011111011010010000001110110010010100111111101011010011000001110101100100
11011011000001100011100100110111110001010001011110000000011110110010111100110001101111010001010010111011110110000101010011111110
01110110100101001011010011000100110011001000011011011000100011111011000111001100000011100000010110101110101001010000110110110011
11001111011110111101101001010011001010001110110010010100000101000110100110001100100111000100101000001000100100101110000111011111
00010001111101001101001010101010101000011001000100000011010100000111111101011000000000001010011001110110001111010111000011010110
00111010110011100000100001110011000011011110001000010110110100000001110110001000111110100010011010101110000011111101000010010010
11000001101010111010011000100110010101001001010101011011110000101110001010011010001100100101000000111000011000000011111100010110
11000011110111110001111110000011010110001011100110110010010110010001111110000101100001011110011001000011001011111111000010001001
10111100011001101101101101000110001010000110110010110001010011011011011010111001010110110101000111010011011000101011100100110010
00110100010111100000001000100101101000001001110101110110011010111101101010111011110000011101011001011001010010111000101101000100
01010011110010111011011101011101000001011101000000000001100000000111001111001011001110110110100001001010110100111111101111010100
00101001110001010010100111010111000011011010001000101101100011110101000110101110101011101001010100111100100100100101011110000011
11111100111001001110010010001110011100111111101010001100000000100110110111111001010000100001111011110000100000010100111000110110
10100011100000100101101000000001011000010100111001000110101111100111010001000010100011001110010100000100101001000011000100111001
00010110011100100101100001000001110010010010110101110000101101000111001010000100011100011001000010111001111001010111110010101010
10110001101100100111011010010010101011000001000010001101110101010111011001000011011110010000000111011100011100010110100100010011
01110111011111011011101100110001100101010111110001000111010010111100011010111010111110001110000011001111111110011011001010000010
00010100111111011111010110010110101101110011001101010011000101001111011111011010100001000011011110101101111010100111100101101100
01001111111100010011111011111000110000100010110110100100111001101111111110001010001110110010111101001111001010111110000100110110
01001110000001010110010110111010100101000111100100101110001111111101110000101111010110110110101100110011110100101010001001010110
01001011001000010110011110000000101010001111010010010010001001010111100011100001000000101101100010110111010010000101010001011110
00100110111000100000011100101100000001010011101011110100011100100011101011101101101000000011110010010110001011011010011100010100
01000111101110010001001110101010100001011110101010000010001101010111011110010111010010101110011101001011000001101000001111100011
10001001001111001010010111111010110100010010001110010110000010010000110000000001011001011111111101111101101110010100000000011100
01000111111111110011110011001000010001111101111111100110011110101000111011010110000000110001100110100010110101001111100000100010
01100110010010111000011101011000100101101110100000000110100101110110110111011011010111010111101111011010101010110001001001100011
10011110010111110101011111100101010001000110000000100010011111011001101100101100111100100101101110110011100000011111000110011100
11010010111000100101000111111011001011010101101001111000000111011101001010010000100011011011000011011101101111000100110111111101
11010110110001011111010110000001101010001000011101011100101000101000100100100111111001111000000100011000110010001100100110010101
11101010010001010111110010001001000011101010000100111001111011100011101111000000001110101111011111000111001111100110010011010100
10100111000101011101001101001110110110101010000100001110101001010001000101000111100011111111110111111001110010010100001111111111
01110101011111100010101100111000101111101010101000110000101101111011110010000000010001100011111110010100011000011111101010010110
00000100000110110011101110001111100111111001101111011101001001111110110101010111110011001100011010000010110010100100001101000111
11000110110100010101101001001100000010110000110110101000010000010011100101101001110110000110111011101110110111011011010101011101
01100011000001011000100110000000000101001001011010111010000101100001001111001010010000101101101000101100011111010100001101111100
11000110111101101110011001010000000001000100001111000010111000001101011101110000110000101110010111001000101001001110001110001010
11011110001110011010010011011100110001011111110011101111011100101000011000001001101001110111000100100101000011101011111100101111
10001010110100011111111110100101011010001100110010010011010000101011000001010100100011111110100110011011100110100010001011011000
10110001000110001100110001001111001101001001011011011000111111110100001110101111011011101011101111101010010011011100000110010011
11101010000110001100111011111110010001001101010111101001101011000010010000011101111101110101110101011010000110011101100011010101
11001100110000110010000111011000111101100011000001001110100100110101100110010010110111101111001000010111000010000110100011000000
10000000111001101001110111011110001001011100000011111011100010100100111111110101101101001001101110010101100001000000110101100100
10001000101100011000110010110111100100010000001100011110101011100111111101010001101001011100000011011010101100010111001100111111
01011110110101110110111000110111100001101111110001111110101101110110000000001010111100101000101001111100111111010011000101011101
10011010001101111011110000010001011011100000011110101110011011000100111100100101010000100001101011000010011001010001000101001110
00100110101011001100010010011000000001101110110011110001101000000101100010111011101100100010010001100110010001000111100010011110
11100001001010101010001100000101011111110000000100011001101111000001010010111010111110011001101111110000100011100011111101000010
11100000101010110001110111101010001110100100001111011110011100001011100111010011111101101011000000010111100010010111101111110000
01110000111110001000110100010010000101111001111101011010100110010101100010001100110010101101000011101111011100001001100100001000
11100101100000100110110101000111001010000110111100111101100001111000001001000000010000000010111010000010000110010110001110111100
00010011100110010011001011101010100101110111011000110000111001101100010001011111101011110011100010010000111000001110001010110101
11001110110101000100111010100011010111110100111111010100000101011101111010000010001111001110011010011010011010001100111100111010
10101011010111001000011110011111111001010110000010100111011110001011110100001000000001110110111000010011101101010110001100010011
01111100010101101101101111011110001010000111010010100001101011001110011001111101001101011000111000011011110011011010010101000011
11110101100010000100111001101000100001111001011111011111100111111110100010101010000011100110010101010101110001000101010001111000
00100001011000001110100111101001001110111010100000110001100100001111110001011000100000101111000100011001011100000100110101100110
11111110101100110010111000100110110011001101000111100011000001110101110110000110010010000101000100011000111011110110011100100000
11111110110100111101101101000000100111111010010010010000011010110110101101100001011111000101000001100111101000000000100110000011
01100111000000100101010111011100110000011110111000000101111101100011000110111101100001010101101010000001111001000000110000111000
00100000100000100010001001110000111110111111011100110000111001010110101011010011001010111111100000111001110101011100101001100011
00000000000000000000000000000000000000000000000000000000000000000000000000000000000000000001101110000011011100000110001001101100
