10110100000011100001011110101111000001100000000001100100001010001010101010011110101000001011000100101111011001001101111010100010
00011011111101011101110000101111010011110001110101100100111000100000000011110001000100100111110011011100011000110001000100110111
00110000010100001111111110100101111001011000111110000001010001001111111100101001011001000111001010100010111101001110000110110101
00111101010101010101001011000110101000001001111010000000010010001011011110111100011100101001111010010101110011100111111011000000
11001100100111101110110000100110110111101010100001011001010101101101100110100011100010001110101001010100111101001010001111001110
00000001000111101011110010000000111111010101101001000101000001000100001100000100101011110100101100110111011000001011100000110010
10011011100010100010110101011111110001011111001100100101101001111101110000110000111011101100000001101000100100001100001010001100
10111001100011010111111100011100111100011000111011000011000011100100011111110111010101011001011110000110111000001010000010100011
01000110111100111000101000110010000110101001001101000110001100000011101110001000110100010011000001010110101101100101110110000000
00010011001101110001011000111001001111010110101000011110010111100010000000000110110100000100110101011000011000100111111110111101
10111000111100100010111011111010000010011110001011101000110101001001001010000110000001010100111100111001010011111011000111011001
10001101101001001101101000010000110110010100110111000101000110010111101000001010111000100111010101100000001101000101111110110100
00011000100101000100111011101010010011110100100010100010101000011110000000100000000111100110001110101100010010110111010110001110
11110011011010100100111111011110111000011001000001000001110101110010101110010101110010101001100011000001011101001000111110000110
01000100100101001110011111010010100010101110100001101101001000000000101001100010000001101000011001101110101011011000001110000001
01011000000111100010111011001110101001111101011100010100011000100000110010100111001111110010110111000000110010100000011101101001
11010100110111101111001000100000001010100110000000101110111110110110011101001001000001001011101101111010011110011100100010101011
11011101111101001010010110000110111011011101100010010000111011101101110011010100111111101101100111100000011110100011011011111100
00110100001011010101111011000101010110000001010001110010101011001011110110000000011010001100110110111011001110000001111000000010
01101110011000111010110011110110000101011100010110011110011010010110000011111100001010000101101100000001111011011001111101010110
10111011010001001011110011010011111010000111101100101110010001000101001000110100100001101110100111110111111011001100111111001100
00101000000100001110101101000101000110101100100011001011100010101100100101100000001100100101010010011101010010100000011101011000
00011111110101101011111011100000000000001110001001011010110101001110101111100010011110110100000000001011010000110001010111001100
10111010000110101011000010011100100001110001011000100100110100110110010100000011010100111110101000000011001011110110111101010111
00100001001011011111101011111110110100011101001000100100010001000001010000001110011110001111110101010101110101001010010100001100
00000101110010110101100000000000100110101110110010000111100000100100000111001100100010110000011111000101111011101001011011110111
00000000111000110001100101100001101100010101001011100110001111110110101000010110100000000011101010001011001100000101111101010100
00101010010000011100011001100011101111100001000010000101010000101101011001011010000111111000110000111101101011011111100110101010
01101011100100011110011010100010110101000110010011001011101111110110101110001000101001010111011110001010101101111010101001001010
00000000011011010100000011010000011000100000011100111010111111011110100000111101110101011111111100010001101110000110110110101010
10001000101011101000010101001010001101110011100001110001010100101010101000011100100100011101010110001110111101110100010110110011
10000111111100000011100001000110100011111000111011111011001011110011010110001101011000010001111111011011001111011101110110111000
11001101111100101110001010000000001110100000100011101001101110011100011101111010111011100100100010011111110101100010011001011110
01111010010001111000010110011101011101010000000111010101100111001011110110000101110100010011111111010011000110011111000011101101
11110001111100110111010010011101010100110011111001011010110011110110000011101000100000001111100010000000100101100001110101100101
01011011100010111110011000101010011100001100111000010110001010100000100100011000110010110110110001100000010100010011100001011111
00010010000100111010100010110000110001100111000010101000011010101101101011010111000110111000001011100010110000100111100011000010
10100110110100100010000001001010100011111100011110000101001110010011001000101100111011111110101100100110100001111110011100110111
11100011001010101000011011010101011100010001111000110010011010000001100010010110000000001000001000010101100011110000101011000010
01000110001100000001110011100110011011010011101111001010000010011101001001011011100100011101011010011001110010111101111011011110
00000001111100111100111010100100001000101110001111111100101111010101001110001100001000111111000100111111110010010101111111101110
00110110000000101111110001001101011001110100001001100110000111010111111101010000011011000101010000100111100111011110101010101010
10101011101111111100000010011000010111011000010001000010010100110010101110000100000110000100111100000111100101110001001101010010
10100101100100111100100110010100001011010110101000101110101001101001101010011010110110111011110001010110000111010011111100011101
00000100000000011100011110110011101101111101101101001011110010111110110100001000010010011010010110010110000100011110110110000011
10011111100011011001010110100000100100110111110110001010110000011010100101011110101000100011011011001011011000111011011101001001
11111000101110010110001100010111111100010000010110011101010011111111100101110101110111110101110111111100110001110100000011011100
11001011101000100001000110111011101100000011011100011110100111001001101001010010011001000001100011000101101111111110101010100001
01010100100010111110010011111011001111101010000011110111001000010101101111010010110011011100111000110100101001000000000110110001
00001000111001111000110010010111000101010100010011111001101011110111101011111101100000100000010011111000110001011100110010101110
00010010111010111100001110000000101010000001111110001010000110100000101110010101101001011101001000000100101100101110111111111100
11011000101011111011110110110011100110111110010011011001000110110001111011100101001011001100000100000110001011001010001011101110
10011011111101110010101001100000111101110111010011000010100010001110011000110100010000111001000101101010010101111110110001101111
11110010111111111110001001101001000010001000110000011111001111011101100100110100001010000011101010001111000100100101111001010001
10001010000100011000100111101010000011010100111011010011001101011111010110100110011010111100001011011110111011110111001110101100
00000101111011110000110001111110011000100111011100001001010011111111110000010100010000110011001101000001000100100000011110001000
10001011011111001001111101100101010010001010001111111001000111110001001010000011101101111110110110100010000011111011001111010110
11101011011000000001011111001010001010010100100001000111101101010101101001010100111001100101010000000110011001000100000011100110
11110011101011100110000100000000010100100010101011011001000010001001011011101110000101101000111100000001101101011111011000001011
10111001111011100001001100001100010001100001100100101110111011000100111011100100101101001101110110111101001010000011110010111101
01100101101001110101101100100000001000011100110100001011110111011111011111101000000111111001100110110001011100010001000001010111
11010011001001011011111001001000001100111111010101101010110000110110000000001111010111111001010101110010100111100100101101101101
10010000110010111010100010100000011001010111101110101001000011101111001111000011001001011111111001011111011110000111011110111110
10100110000110001111011010111011111011100010100110011011111000000000011000101111111010111101110100010100111110101110010010111110
11101101101000111000010001001110010010011000011011001100011111000111010100111110100010101001001001110101000011111111001110111101
00110111011100011001101001100101101101010111011101110111000000100000101011101101010100010010101011001001001111000101111101000001
11101010011110100111000010010000000001000101000001100001101110011010000001111101011010110101001100101000101010100110110111111101
01101011000111000110011110111001001001001110011111111100011000101010001011111011000010101110100000110111011110001100101010101001
01001100110110110000101101001001100101010111110110011001011000101011010100010000001110010100000100011001010101001001011110100110
01101001101111111010000001001111011001111101001011101111010110011100001111011101001111101001011010101101110000000000100101011101
00011110000110111000000001000111011111100010101011000001001111111000001000000111011111010011101000000010110010110110001110100100
01001011000010000011011011110100110111011010001011101001011100000001001001010111000010001000111111100000101000000010010110101101
10000011100100101100111000011111010110011111111100011000000000110110100001101000110001010001111010000000001011001011001001110110
11000000110001000000100100010101101110110011101100100111101000101101001100011000000111011111101010001101101111001101110100100111
00010101100001100010100101001001101011011001000100001110010010110111111100101101111010110111101111010101010110011100011011111000
01100000010101001011101000010100011101011101100001010101100001111110111110001010000000101101110111111101111110110101101010100100
01111111011001110001101101000110101101111000010101101010011001010100000100100101010100110111001101001100101001011010010111111000
11001101000111000101000100110111001011011000000000110111000011101011110110010001011010010111111001101010000110011100101000001000
11100110011101110101110101111000000001101101000101010011011100000101111100111101111111111101101000110101000010100000111010101000
10001000101001111010111110101111100001010100110011010110000010101011100100101111110110111100100101111110010100010001101111100101
01010001111101101000001010001110110010111001010111101101000000100010000001100100001110011001111101101010011111101111101001101011
11111000110101100001001011110100100101100100000100000111111011111010101100011010011111101101001101110100100111001010110110101101
00010000001101000000100100110101011010011110010010111111001001110101010100101101100110010010101111000101111000011001100010000100
00110001111110011010100011010001110101100111100011111111001110011111000011101001100111001101000011100111011101011111110100110010
11110011111101011110111001010111011101010011010110100100101110000100110011101111010110011111101100111101000111011010001010000010
11100001111100110000011100000101110000010100010110001001010000010110101110110110010100010101100100110111011000111001101110000101
10010000011001010111111110110000000111100000010011010000100110100011010000001100100101100000100011101010111111010110010111100011
10000010011011101100100101100101001001111100010011110101001101100111001110001011000001000100100100010010001010111110010010010111
01011100001101100011001111000111010000000110101100110111111010010111001011100000100101100110010001100001011011001100010011011100
10110000100011110101101010110111101110011110101011001001100000000110110100100101000100010100001111000100111011000001110000000010
00111001100011100011001101100100000110101110011111101110010001000110001011100100100101110001001101011011011010001000011010100110
10110000000010011010101101110110011000100110001101001010101111100011001001110101101011111100010010011011010110011111101011100100
10011001100100001100100001010101110001100111000101101001000110100110101101000110100110110010111101100010111111100011010100101110
10001101111000000101100100011011111011101010110001001101111011111100011101110010000100011011100101111001001101110101101011011111
01000011101111010000101110010000010100011100001001111000010000001110011000111000011010110110100111010100010111011000101010111010
00100111011100010011110101000010010010100000011011001100110100100101011000111111011011100110110110110011011101110100111000010100
00010111111100001001011110100110000111000101100100001011000111101101011111000100010010001111110101111100010000101111000100000111
11111001101011001111110111011011111000111101100100100001010111111010111011101111011111110000101011100110100100100100110000100001
01111100111110010111101011010101001000101110010011011110100100010011010100001000100100110000011111101111001100110001101111001110
11000111110101010111000000000100111101011110001010011111011110111110010110111111100001010111111000100001011100101011110111010101
00101001011011000111000000110001101010100010110100001010111111010110101111110110110000101000101001000110011111001111011001110111
10010010011101100000001111000000011110110110100100111100010011110010011011011101010111110010001000111011011101001001011011010001
01111001010101101010000010000011011100100011111111010000110101010000001111101000011000010000011000011000101101010100010100101011
00011010011011011111001111101000100110011000100100111111111011010000111100100110111010110000111111111001000000111001010001111001
11101101111111100011100110001110001100001110100011000101000000010010001010001001010111110011110011101111000111010100100110001101
00001101000111000111000111100100111010000010111001001101001110010010100001110010100001111110110101110111010010100110100011011000
11111001010000011010111111101011110011001110101111011010100001000001110110110000100111010001110111111011111100101100000110000110
00100001000010000101101100010000011101000011000111000110000100101000101000011001111101100001110011000111010010000010111110101110
00110110100011101110111110000011011010010011000111110110101101001001010001111110010000010000010010111000110001001000100100011010
11001011110110001101100011101101000110010010011110110101110110010001011100101001011000010111001001011011011111100100000100011000
11000110111100111100110101001001110111100000101101101100011011101110011001011111010110100100000101010010010101000010111011100010
00101010110100110001110110111111100010110001001110001111110100010101100111010101010110111100010010010011000011011100101100101101
00001000011010111010101110100000001111001100111010110111010100010100101001101111000111111110011011010011100101000000111110101100
00111011110101010001101000101010000100000111100001011011111001111100111111100000010001011010000000000101101000000100100010011010
01000101011001010011101101110100001110010111100000011000001010101110101111000000010111000000000101000101010101011001100011000010
10001100010001001010101110010010000110010000111011110011000010100001010000001010001000010101000100010000010010000100011110100010
11000111000101000101011011011000101101110000101011110001111011111000000100111101000101010000101111110010011101110111101111101010
00101011110011101101011000001110010101101000100101100001100011000110101100001110011010011000000001110111101110111000101100110100
00010011001010100010110001110011001011010101011000101100101010010110110110011101001111011011001100010100001011111110100011010100
01011101110011001100110011110001100111100100100100000001100110100010101101000100000010001100010111110000111111000101111010111110
10111001000011110001001110001101000100100101010110010011100110011000100011101010000101011111011010111011000011000101000001010000
10110001111101110101101110000111101111111100000001011001100011111101101101100001010011000100100111101000000111100101101000001011
00111111000010011001001110011000110001111101000101000111010011011110100100100001001001110101011010011001100010001001011011011000
00110101010000011011011010100111100010110111010010000111111111011001000101001001000011100100111011100111011111101111101100000100
01001001101010101010011001011100110001001111000000111010001001110001010110010100001110100110011100001111111001010001010000111000
00111100000111111010100001101101001010100000001110000100110001101011000011110010101100010011100101010110100100111110110011110011
00100011100010011010010011001001101010101000010000001011000010011101101111010010001010001000001101001101000101110011000001111000
11100101000000010000110110010110110001001111110101111001010111100110011010111100000010001000001101010111001100111101010100000010
11000110011001010111111101010110111000100100001010010110010100010100001010010110100101001010110111101001101101010011000010100100
00110010101111000001100010011111010111111001101110001101101000110110101000100001100000011001111010010001110010100001111110001101
01011001001010010010101100111101011001100101101000111110100100110011000001100001100101101010101101011010101010000011011010010111
01000010001001011011010010011100101100110100110000110110011110001111010001100111010111000011100101000110110101000101110010010110
01001010011001101110100011010001110001101101010000111000001111011011100110111010010000000110001101100010110111010101100000000101
11011100100101100011111110101010111011011010110100110001001001000111010100010010000000000110011101100111101110101000000000010111
01110001000111011001011101011010001111111011111111101001010000000011011010110101011001000001111111000000110101011100100110001111
10000001110000111110100111010011000010011111000100100110000111111111010101110010111001001001100011100100010110111001000001010111
01111101100100001111011100001101100101010000001101110101010010000101111001101100000111001001011000100101100001011101111101111101
11010011111110000011000000110110100101111001010001100101010110010000100000001100010101001001011111110100000001011100101110111101
00000000000000000000000000000000000000000000000000000000000000000000000000000000000000000000000000000000000000000000000000000000
