01101101010110011001110101000000111101001000101100010011101101000110000111000111110100011000101000101001100001110011011011111111
00001110010001110100011100010010111100100010101011011101110110001000110110101101101100101010101101111001011100110000010001001101
01110110001111011111111101110010110000000000010110000001100001101110010000100001010000100110000110101001100001111000011101000010
11111101001001000101010001111110010110101100001000101101111010010011011100011100111111001101111000000001110111011100001110011000
01101100110001001011000000101011001100110001000110100101110110111011010110110001010111011111010111010110101011110011110010110101
00000001000001011111101101101001001101010110100111000100010010010001011011101101011100100111100100010110100010110000111111101101
11000100000011001101011001110011010010101100011000100011101111010011010101011011001111111110010111010010011101011001010011010010
01000100111101010001011110001010110101101010011111111001110001100011101110010001000111010011001011101110000101001111010111001111
01111100111001011100101101001111101110111010011011101100100110000001011000101000101011111010001001111001010010101001110000111101
00110011111000100001101110111101101111101100011011001110110111000101110010100000000100101010110101011101111100111100110101110100
00111011001011100101111011001011001110000011110000011010111001001100110110100011001010010011101100110010011101011111110101100000
00111101100110100101010111111010001111010011011101111000101101101000111000101111100011000001111011100101110010011110100100111110
01000101110001100101110101111001000000010001010010110111111000111011010010001011101000111101011001100111101110010001110000111111
01001010100110101100010011000110001111001111011001110110011010001010001100100100110000010001011010010010110110001111001111110010
11010001010011111001000001010001010000101011010000100100010001011101011000100101001100110100000010111100111001100100000001011010
00111001111000001001010101011011010001001111101011100010110100100001010101101110111100100110000101001010111110101101000010011100
00111000101010011110101100100001010111101110100011011010111011001010000101101111010011000101011000010010001010010101001001110011
00110011000110100011100111101111111000011100000100101100111001111001100101001101010101010000000000100011011010010111100101101110
00000011110000001011101010001010111101111001110110010110010111000100010000000001001001110111011001011010001111011100100101100110
00110000110011110010010100010001010110011110010110011001010011001100100001101111111101101000111110110101110000110100101000100101
11100010100101000111010001001111001001110111010011100111001101010010010111011001101111000110110010001100100000010111111011100010
10100001111000010001111110100101001000101100101100001101010001010100001001010111110111111111000100010110100010001100001001011001
11111110000001011000000110001100101111010101110010011001010010110111010101000000010011110011010111110010001010001001110011011111
01111100101011001001101000011000010011110110111000011111000011110011110011101100010000110000100111001010000100011000000101010000
11101010111111101010001100011010100100000000111010011000101001011110111110010101000100111000011100010111110010011110110000001001
00000111111111001011001010000010001101010001101001011011010111101000000101111111000001101101010110110110010000111001111001100101
01110101100110100100100100000111001010011111100100011010100001100111011000100010001011110111111001010100011111100111000100001110
00010101001001111101001101001010111110101010000100111110010000010010110011010010011011110011111100000010000001000000001111011110
11100000110110001111001010010001110001011010101000000100101010100111011101101010010111100001011001111100000111010000110100011101
11011001101100100100111100101000010000001001110011110001101001110101111011110111111000110100000011100010111101011000001101000111
11101000000101000111111000100101111100111110111011010100100011101001000101001100000110011001111100001110010110011111100100000100
00010111101000000000101000110111101111000001000101010110101011101000011100010000110111000100100101110110010101000001011000001001
11000100001011001101110001001000001011000111001010101001001111011001011011100101101110000000011000001100011110111011101001110101
01010000111010001000001011001011001111111010100010000110100011110001110101010010001001000011010100110001010100100110001000011000
01000111001011101100101101100011010101010001101000011110001000001111001001001111000111111000101011101011010110010110000100001111
10111001111101101011101101101011010100110110000001000010111100111000011101101100001000011000000101111000111011000100000011101101
10101001000000100000111010100011101101010100101110011011001010011110111011110010100000110000010101001010111010011101110100010101
11110111100000111000101001110011010101011010111000111101101010101001111110011010111111000011010000000111011100111001001101000010
11100101111001001101011110000011101001110000110101000000011010110011011101011001010010000110011111001101101000011011000110010101
01100100010001000110100101010101000100010010101011110101110100101110000101100011001101011100101001110101011110000110101100010010
01100011010001110001111100000010110001010001001110011011011110000100010000011001011111000010000100011010101111111111001000101000
11111001000101001110010010011111111110110101011001110100011010100000001011000111010011001111000101000101000010000111001011110110
00000111000100000110110111101010000110001000001011100010011100111000110101000001010111101110101101101100100111111010001101110000
11011001100000111011010011000111100111111000011111001010100000010110110001011000111111111111111110101101011101000100111101111000
01101010101000100011010011101010010100011011111100010011010101011110011011011000001010010111110011101100110001100110000111010111
01110011101110101111100011000000100010101100010110000111011101101000111110010000110011110010001110100010110011101001011001101110
11000101101011110010110000010101111110001010001111001001010000111100011011110111111100000010011000100000001010110110111010000011
10110001001100110101001111111110001101011101111100100000001101100101111000110010001000001110001011111110001011011100011000011000
11001010011010001101100111000001011000110000110110111011111010111000011100011001000110110111100011101010011100110011100111011000
10100111100101001110011111010000110111011101110001001111111001000110001001011101000100111000010001010010100000000010100000110011
00101011011101010011111101000000001110111101100100000100100101110101000101000101001001110011001110110011100100111101110011010010
00101111010010111000110001101011011101010001010110111111010010000001111011010011010100111100010010000101111000100111001111110101
01001100001101010110001100100100110000100111101101001100110011111010100001101100111010011100000000100100011110100100111110000101
11010011100110001111111101000010100011010111011010011010111000001101000000001010100011100111000000111110111101010111100101000001
01001011010111111100110001001111011110100011001000101001110100011001101000111001001011110010110100001110000110101000001011000111
00000001011100000111000100110110110101000001101110000010011011111101101010000110111100001010001010001011101111111100101101011100
01001011001011100111100111001000010111110011010101011011101101100010011001100010001101101000001011010110111101111100101111101001
10101000011010001101111110000101011000110111011000011000101000100111100001001111110101011011110010011011001010000000100110101010
11110101100000000011100000000000110110111010111100111110011101010011101011100101110100101001101100100111100101101000000111000001
10001001010111000010111001011110101000011001100000000011010001000111000000111100010111100101010110110100001100001011011011110001
00100000000111110001010001100010110110111100100100101100111110101110110101010010011010101100110010111111110110110011100110010100
11100000000010111011110111101010000001000010011001100011000010110011001011101110010001110101101000100000001011110111101100000011
11110000100001111100100110011101010011010001001011001111011100100011101011000110101110001000001110101010011100110101011110011000
11011000110011001011001000011001110111101101110001001011100110011011011001001000000101000000110111110001110110110011110111111000
01110000000010110110011101010011101111111110111111111000110011110111100100011101111111101110000001101000110000100101110011010111
00111101101110110110111001110101011110100010101111100011011010110111000001101101111010011101111011101001100001011000111100100110
00011111100011110000100100001111100010101111001010000010101111011011000001010011110110001001001001010101011110010110111000011001
11101111111101001001001000001100110010110010001001101000000110000110110011010111111000011010000100100010100111001001011110101110
10001111111101101110010111010001001100101001110001011110100110000001010010101110101001010000111010110000000011100101000111100101
10001011000100101010000100011100010010010111011011011000010001101111001110000001111110010101010101110000111111110011110100110010
01111000000000101111011110101100000000001111101100001111010011110000101001011011110001011110110001110011100000011110011100011100
00100001010010000000011010011110101101110110110010011000111001010011110001001111111000010100010001101101110111100010111111110011
10010000111110001010000001100000110001010101100010010001000010111000110111101101011010001001000001000010110101111000101010001101
10110110000110110011111011101010011110000010101000010100010000000110000000001100011010000111100110100100011001110111000001011001
10101010111011000011111100100000010010101111011011011110001000100000110001000011011010000000010000101101110100010000110100011001
11010111010100010001110000101001101000010100100100001101111110001011000011111110101010100110010010000011011111110101011011110100
11001011101010101110000110111011000110111110000001100100000000000100101010000000011011000011100100001001100000101010000111010111
00000010111101000001011000110000010110111010011011100101101001001110010101000000001111001111010010000001100001100011000100001001
11010001101110000101101010010111110001110000101011011100000110100111011111000100010001001111101010001101100111100000111011000001
00110001110100101101111111110111011110101111111000000101111101110110000110010101101010010100011011010011000010010100001001100101
01101000111000101010001111110110111000010010000010100010000110101000101111001010100111100000010011111001010011101111110100011110
00000101010110001011000101011100111110001100101001011101000010100010011011101100001010010100010011001010101010110100000000010101
00101110000010101110111101001000110000010101110011110001110011100011001011110011100111100001110000011011010000010110001001111111
00110111110011010010111011110010010010010000100101011110100100110010001010011111110001110010001001011000101101010110110010110101
11110001100100101001000010111000001100100000011111000011111100010000001001000111000010011111011110100111100100010110000101110101
11110000001011011110001111101101101101101000011100010010111001000000000010101110110011110001111110000101010100110011101010111011
10010011001111001101100110100000101000111011001101011001110011100100010110010000101101110000011100011101000111000010100000001001
01111011000001011100110011111111100001001000100011000100101110101001111100011101110011011000100101010001010110100110010001011001
11010011010101001000010100100000010000011011110010000100111000011101011111011000001000010010101111001010110111110010011000000000
01110110110010100100011001000001111100000111110110111101100000111100010100101000110000101101101101110100111011110000111101110010
00001100011011100010100010010100111100110100111101011001000001111101010110111101111100000110001001101001001011101001001110000010
11101011010010111011111111000001001111010110010011010100111100011111001010010101110001100000100101100101001001110110111011001010
00111001010010100011111111001001101011010110001110100110101110010100111000001011011110001000001110100011111010000111111110000001
01110110111001110000011110001001000010011010001111001100000011000001001110000110011101010100010111010010101101011000010011000010
11000101011010011110010001110001110011100000101011011100100001110010101111011111000111011110001101011110000011011111001000010000
00011100100011101100100110011001011100011100010000110011101000000011111110100101010111100100110111110001011010010110001011110100
11101011001010110011110101110000111000010111001100011101110000110010110110011100101010110100010001101000000101110000000000110011
00010010111100001000011110101111010010101010010001101001101011000001010110110110011001110100001000100100010000001000110110101110
10001000110000010100110010101110110101001010000001110000001000001000011101001010101111101010110001000110110011101001000000100100
10011111100010001001011100111100100000010000110000110100000001001011010010000100100101110000001000101000010011101111000110111000
11000011010101110100010100100001101011000100101001000101000010111001100001111101111100110100110100110011101111010010101011010000
00010101110101000001011000001111000001011010010101011101111010100011101000010000010001100001001010110011001011101001001100010011
01001100001001010010001011011010110001011101100110001111010001011010001110001110000001011000000011011010001010001100110110010110
11101100001111100001001101101011110111110100001111001011011111110111001111000010000110001011110000000000100000000111001010111111
10001010001110100110100011100111001010101000010010000100100111000011111101000010000110101010000010001011111101111111011010100000
01010110111101111101101111101000001100110000100110100100100010111100101111100100001001011000110101000010000001100000100001110100
00011101100000100110011001000111100000110001111001100110011100011110100011010110111000111101010111010001111001010011001010001101
00010010001001001110001110100011010010010001010001000001100111011110010000001011101001101100111101000110010010000000001011110101
01000100101110111101001101101010001001001000111110011100000110110000011101010000001101001011110110000110011110011101001011010010
01110101100101010001100001010100001101110000001101011100110010110010110001100100111101111010100100011010000001101100100111001011
01000100111001100111000111110100110010110111101000000010011010110010111110110001001011101000100100011111111100001110110111010000
10100001110000001101100010110111010110101101111001011111011111000110100100100100001100011100010011011100000100100010100101101000
10100011100101010000001101111110101110011010111001000010111110011010001110111001111100001111101011110110010100001110001111100110
01001101001110100111010101001101011100001001001001001101110101000011111110011010010001100001001100100111101001001001001110001101
00011001100011011101011101101010001000100110001000010110101010110010010110000101000011111010101000110110010011101101011110111101
11000001111110111001010001000111101000100010100000010001001101011111001010110000110010100111100111011010110010001011101110001101
01010110101110010111100110100011101100100110101111110110010010100000101011000001101011001111110010001011101101000110111001011110
10101010100101000010111010011110011110111001101100000110110010010110101111001010111001111001000010001010100101110111001010010100
01001010010101101011100001100101111001100010100000101000001110010101110010111101101100100111001001000111000101010010111011010000
10110001110101101010010000100100111110011110110001110110010100011010000110010000111011001110101111101101100111010010101101010000
11100010111100000110000001000011001111011111110110001111011011001101100110110011101000101110100100100110001011001011101011001110
11001001011101010010100111100111100010111110111010101010000011101011100001110110001111110101010010101001011001101011001110011010
00011011011110001101110100100011101101110110001111110011110110101000101101010111100010011100100111000111111001100101001101010011
10011110110111111111001111000110101000111000001101000001010100010111110101111111011011010100111010101011001110010101000011011110
10000011101111101100010101110110111010000100110100010010011010010001100001100001111000011101111100010010101011100010001001111110
11110110010100111011111011010101011011111111001010100010100000001010011101001010000000000000011011001011101001110000001100111000
10100011111110001100100110001000010011010110110000000111101100101111110001010010110010001110111111001101101001110010111001101101
00110111011010000000111101010111000000100000101010110001010100011010110010011001001011101110001100111101100010110010100001101001
10000001100001001010100101111110000100100001101101000100100010100110010110010100100110001000001001000110101011011001110010001100
01111011100010111010010111001011000001111100111100101101100001111101110000010100001110101110111111111100101100011001100111101111
01101001011011100100100111000110000111001111111110101110111011010011111011110101101011100000001110011110011110111010100000001000
11000101101100100011110110111101010010110001111100010001001011100010011100110010010000010110011110111001011100000001101100101101
00011000011000001001101110001011110100101000110101111100110110101100111000101100011111010111110000011110010001100011001100101100
00010011101000010011101010100111100100101111010110100110001100110111010111000001111100110001001100000110101000000010000000111000
10100101001101101110111101000001001010100101010100000010100111101010110111110101111001010001111000000100111110100010111101010100
01001010001000110101101111100010000111010110111110101011110111111010000100111010001011101100110110010101101101111101101100110111
01010001011101000010001000111001000110111001000101000100101011100011110000010110101000111001111101110001010011110000101101100101
00101101100010001011011110110111001010000100000000000011110101101111100111101110011010000100101010001110011101000111100001011001
00110111111000011000111111110100111010111101111001001011100001101110010011011100100010010010000100111100001110111000100101011010
00001001101011000000111000011011111111100010110011011011000111000001001011011101001111000101001101110010111111100110111001111111
10100000111001101111101011111010111101001100000110100101111011111011000000010111010000000010011010110000111010010111011100111000
11010101001101110010100101011101011011011000110100000001100111110101010111101101011111011110110101110010011001101001011001100000
10011111000001100111101001111111001101011001000010101000000100011101111100110011101010111010010010100100110101101011001101110011
11111111111001111100100010010001001100110111101000110001100001100000111110110111100001000110000001101100011010110001101101111101
00011100011000101011010001000010100000000111101000010100101100000000100100101011001100001111100010000111001010101000111111001011
10001101101000100010001000001000010101100011100001000111110111000110111100010101001001000010110110011110010011110001101110110100
01110110100101000111010011010111100000001000100010110110100101110010011110000111110111000100101111110110010001100110101001101001
00010111110101011011101010111110110101100011100001010011100101111101110110100100001101111100000110000010111101000000000100110010
11110010100000000110100000100001011110100100000001010111101100110011001010110000110000000000000110101100001010101100010000110010
11001100100010001100011111011100101001000000111111000101011111110101100111100110111000110110111110111110111110011010010010110001
01111010101010011010101110001001001111000100101111010011000110110001000010111111110000111001110111111001011010000110100111101001
10110001011111011000110001011101101100110010110111111101001100111001110100001110000010010110110101000110010011000011101110100001
01011011110011010000011001000111000110011011001010111011111101110100001110101110111100101001001010100111111100111000000001111011
10111100101010011000010000100100101001101001000010010111010010010010110110110011000111110100000101010100011101011010000101100100
11111100000001001101011111010101011110101110100000101011001001111000110101011110110001001010111001010100011001001100010111000110
00100010111110000100110001111000111101110001101001010000001101001100001101110110110111111101001100111000111100011110011110100000
11011111111001100000011001101000010100110110010110100101111100100100111100101000010100000010011010000110101000010000111010001110
00101111110011110011010111010000111010111000000100111111010000010100111100011011000101010101010111000011011100100001101011000001
11110000001001001000000110000110101111101100100000100001011110000000110110101010011000110011101011011101110100110000010101000101
11111000110001010100010001101011110000100001110000111011111000101010010100001110110001001010001001101111101100010111111000011110
11100010111010101110000010011010111010010001000010010110001110011101111011110110100000111011000100110010000001010001000000000101
01010101011011110011101001100010101011110000100111001101011110000101000111011100001011100111100000110010000101011111110111000110
01000101110111111010011100100101110111011010010000011010111100111011101111001010110000110110010101001000011100110100100110111111
10110101001111000110010101101000001100100010100111000011111000110111010000001001100101100111111001110000011010000000011010001010
10011000001011101110100110000110110011001010101110001010010000100100101011101101100100001101100101000101110101010001010100111001
01100010100010101110111100011101101100110101110101001001101101110001100010010110110111101000101110101001111001101101100001110010
01100011011110101001000010011110110010010010111011100010001111100010110111001011100100010011111011000010000110101011000011101000
01000111101001110001010011100100100000101110010010111100101110100110110101011000101100001000001011001000111001001111100001100100
11111101001101010000111111101011000100110000000101111100001010000000100001000011001110000000110001000110000100110010001100010100
10110010100000110111001011110101111110010001110011001111100111011010010000001101000000110110011101111101110100110111001010010001
11001100100111001010011000001101100100111101010100101100011111001110000100101001011110110011001111101111000111101001100100111000
00001100101101011000011101100010000000111111111111110010111000101000110111000101111001110110101100100101000100111011000011000111
11000100111010000101101100011001011101100110011101011111100110111001111110110000010011100000010101111011001011011101101000010001
01101001001111011101011101001111100111011001100011100000001100110101101001101001001100101010000101110010011100101011001110110010
11110111110111000000001010111010100010100011000111011001100001111000001111000000001001011000000110111000010001011000110111110110
11011001011000011010010100110110001001100101100000100110001001101010000101100001001011100001010001010111110111101110010101101111
00010110111001011100000110010010101111101111011001001101001001110000010100011101001010110110100011110011110110010010111010100100
10100001011101101101000001111001100111011000100111011000010110110110110101011110111011111000001011101101111010110000001111101000
10011001110100101011100001001000101011110011101101110001111000000010111000011100111000110000001000100001111011101101111101001011
11100001010111110001101000100101101101001001101001001100001001100011101001100011001101100000001001100001010101111100010100011110
00100100100111001000010101101001110110101000000110110011010101101110010011110100010101011001100101101000101010100111010100111000
00110111010010110101000000101111110010101000100000110100010001011101100101010000110100011011001010101100101011011001101000011011
00111011110011000000000101000100011110100010011111011111000110100111000111001101111110111001000011011011111101100111110011110001
11101100010110111000100000011011100011011011011010011100000011100000011001001101001111101011111101111110001100001011011100011001
11100000001101101000100100101110001100000110111000001011101000001100100100000010100000011100000101101101000001010010010010010101
11100000110001110100110110010111001000010111101101100110001110000001100011001000101011100011101111010100100111010001011011111110
01000110010100010011001010111001010000101101000011010111001001000101100000100010110010100110001010110100110000001101011100101110
01101101001001011110011000101110001111110010011001110010011001111011101111111001111001011101000010000111100111011001000001111111
01111001001010101100010000110101000010000100010111000100000011101000011101111000001001100101010010110010110111000001001110100011
10111011111011000001010100010010011110111011101011010100101110100011101001001111010011110110100000010001100100001010011010011100
11000100000110111110101000001000001010110010011111101001001011001111000001100100001100101100000000010000000000111100101011101010
00001011111100100110001110101010001010101100000000100100110001001001110000001100000010010100100011110101010010100101001010101000
11110000000010101000111010001100111001011011101010111000111111100011110000010000000001001011111111101110100101100000001110111010
11111100100110010111100110000110001101100111101111010101110110100111011101111000111001110000110110101000100001111110010010000101
01010111110110100001101111011100000100011111110000000001100011110011110000100100101111010100010001010011101010010101001011000011
00101011011101010010100011100101111010101000000011110010000100001011101110011011110110100111100111101101000011000101000101111111
11000011111011110110101100011110100101010101110001001010101000001000111010101011111101110000011001100100111111001111101010011101
01110010110000010100001000010000001010010001011111011101010011010110001110001101000110100111101101011010101000101110001110111000
11101000111010110101011100101001110111001000010101100111110011100000101010010011011001010110001101101001000001010010111001111011
11101001000101100110100000011100001111111110101111111101100000001011110010010011010111001000000000001010010001001101000100010000
10100110001111000110110111010001010110001101010101111100011010011101010000100111101001110011100011100100100010011101111110001111
01010111011000111100001110000010101100101010100100001000100000101010110000011100110010010010010110110001100011110111111001001110
11010011010111111111111010011010111010101111000111111000101010101110111010110111110111000011001010111000010011101001000000000001
00110110010011000010100010101101001100000111011010100101110110100010011010001000001011111010001011000011111001100110111010010001
01110010110001011001000101010100011010101110001000010010101001101101110100100110100100111100000000100100001101011011001100111101
11011100011000001110111011110001001100110010111001110011111101100101110001001111001110010001111100000110111110011000000011110010
01110110011010000101011100011001101100000010110111110111000010111001110110100100111100010100100000100001100010110100111111110010
00010001010010010001000100110000000010100000100000100110000000011100001011000001001000011111111000110111011000011111001000110101
10001100100100000011100000110100000001011100001001110110000111101101010000111000111011011110011000111111010010100010000110000000
10011100011001011100110010110000011011010000100111010011101101111101000111001000010001001101100111001001100110011101101010010111
10111110010100000111110101110001011000010000011001111101100010101010100110001101001011111001000110011111111100011000000100000000
11001011011011101111111011101011000001001101100101101100100011110010100110001011110101110001001010110010111100100100101110100011
00010001101100000111001101110101111110100001000101000100011001100101111110101010011010101010101011011110110101101011111000000011
10000000011111010101010100011010100100111111000000010000001011101000010010010010010011101001101111101001010101110100100110110001
10110111111100111111010001011011110010101100000110011010000100010000000110000100011011100011110001100010010110000111010010001100
01110110001011110010110100111101001011011001110101011101101011010101101101000000001111100001101001110000100101010010110110011110
00111111111100101001101101010011110111011001001010001110011010011001001100001010100000100000100000101110001011100110101001101000
11101011011001011101111010100111100111010100011001000001010001101101111010010111101100100100010011011111001110011111000001011001
01001111010000001010101100000101101110111101100101010001110100010001111001010001100100100111001011101101010110111010001000110001
11101101111100100100110001100001000101001000110001000001101011001111101011001000011000011100110010001010010100000011101010000101
10100011111101011000000001111101110000101001010011011110100001101111000100111000001111010111111111000111000000111101110100000001
00100111101111111010001010010111101010001011101000000001010100110010011010000101011100101010110001100111010000110000011000000000
11101111011010011001101000001100000011111001011101000001110000001010001101011011110111001011000101100100100110010101110111101110
10100000000000100110110111100001010011011000110010010100100111100000110001111101101010010111111100100110000111010010110001110111
00001111011100000010100100001000010010111111011111000100011110010011111011011001100111110010100001010110100001000001100111101001
10111101011010010000100110000001001110011001011000010100101110111011101100010001000110101011100100101011101101011101110000111101
01111111101010110100010000100011001110000010001111101111010000101101100010101000110010000001010111101101010001110010110010011111
01000111001001110000000011000110111110100011100100010010101011000111111001111010010000100011101011010100010111000111001000001011
11000010000100010101011010011010001000100010100101001001101100110110011000101110000110101101010101001010111100000111001111011100
00100010100000010100000011111101001110100101101101101101010110011101100111010001110101110011011111010000010101100100110000010010
10011011100110111011101010010110101111011110001010111011001110000100110011110101011100101000111011100011011000111001011111111001
01010101011001111001000101101110101011001101110101010000000111100010110000000101111100010000110011011011111011001101011010101101
01101000101100000011000010001000100001010101101110011111100000000110110111001000011111111011110000011110011110111011000100101101
01001000110100010000101000110001110011111000110001100110100000000010100001101100010001110111001100110111101111010010011111111011
11111000010100000010011100111000100001001010110110011001000111011010000111000000011100111001100001111101000010000101101100100110
00011110101001110001100110110111110101000111010001111011000110001010001010111100000101101010100111000111011011011001110110011001
00001111010001010110100011001010101011111111000000011000100000110101011111111000101101110110011000001110001000110011001100100100
00011111101001110010000000100001101010001001110100011101000111110001010011011001000000010100001010000010001001111011010111000110
00101000110101101011100111101000101010010000000011001110101001100100110101001110010001011011111010110110110110001010001101111000
11110001001011010010101100101001001101011101111011101011100100100110111010001010011011001100000011011100011101001111101101000001
10100111100000000101100101110111100100111101100101011100101000001111101011011110100011000101101100100010000100000011000100011001
11100111111110111111000100110001100001100001001001100000011001100100111010101100001111000110110001010000011010001111101110101100
11011111100110100101111000011001110111011011100010011110110011101010111111101110000100100011111100001110011111000011000011101101
11000101110100100000010100100101111010000101010101110101101100010001010001111101000011111100111101001110000101110001000010101100
01100001000010110010100100111011000010100010011001100111101001001110011110000000110001101011000110000100001011000101010101010100
00010010010100011011110010101111101100001111011110000001111000111110011111011011110010100011111100011000100111101010001010111010
00111110010010111111010101010000011111011100001000010110010010011000010101100110000011101101101011101010010111100110001000110010
00111011110010001111010011010100111100110110111101110010010101010100110101000010010001110011100100110100001101110011011110100111
10000100011001000000110010110110001000000000100100001110100000101000101111010101111011011011110010111010000000111101011110000100
10001110100011011100010110100011100101101111110111010001011111101010000100000111011001100010010001101111011101111110011001101001
00011110000000100111000001100000101100110100100011011100110000000101000010010100100010100111000010101000100100101000101001111010
11101000001001011000110011111011011110011110001011010010101000110011101110110011000111000011100001110011100110000100000011110011
01000110101001100011100101010100010111100010101010100111010110101000100110110011000001011100101010110111010001110001110001110111
11111001110110011101011101001001110100010111100100001011010101000010100100100001101001100111011010010110101100101100101101000100
00111100111000010111000110101011111100111110101010011010001111111001010111000101001101001001111011001010111011010111011111100001
10111100010001100101110011001000101101111110000111100101111111010010001001101110010110110111000010011001010000111111001001000010
00011000001101010100000101111101100001101110111011101000101010000011011100110101011011011000101100101101101111000010100111111011
10110001001010100000010111010000010001000011101001110101000100101000100110110001110000111000001111101101110010000011011110000000
01111010101010010101011010010110011000010011011101001010111000001010111110101110101101100001110100011100101000111011011010110111
01000001111001100010010111101001101111100000101100100010101000111100110101010000100011111110110101101010011001110001000000000000
00001001110001111100011111110001101000101111010000110101111000100010001101111001101110101011111011100010110011001001000001111011
11001111000110001111100011000111011001010010100001001101101101001010010000011010001100000001100000101110100010100001111000111111
11101010110011010111110101100000111010100101101111110001011001100011010000010011100000101001101011111000010001001111101011000011
01000110010010101001011010100001111111001101000101110100011111011101000001000111001011100010101100011111001111101111111101110001
10000001101101000000010010111100110100001110100101011001010001100001101011010111101011001000001100101101011101100011111100111010
11010111111101010110000110010011001110010001110110011000111010101110101101101101010000101011000011010111110001001001011011011000
01011111101111111001001101100110011011111011100000011010110010010110001010001011101001011110010110111110010101100011010011111111
01010001100000011001111010101000100110011111011010011101110000011101001001101010100011101000011000111111001100000100110001100110
11100011111111001111011101101110000100000001110111011101011010001010000000100111010010001011001011100000101100011111011100000001
00000101001100100011011011000110111100110100110011011001000111111000101010011111001111101100000101101001111100011010100000100110
11000101011011011011011011011000111011000000000101111000010110011011010000101101111100111110100110101101111100111111101000001100
10101010101111111100101001011101011111100010110000110010010000001111010010000000001101001011101110111100010010110000010100111110
00101101001010001010010101111001101011000111010100010101111101010101000110011011011000000010111100001111000100111001110111101001
00110110101010111010101000001000100000000111101111010111001100101100011011110010011110010011000110111001100101110001111111111011
01010111110011010101010001101001100110110001111110100000101101101010001000011111111011111101111010011100001100101001000101000111
00011110110110011100101000101101010000010010111101001001100011010111000111111110000010011100010000000111011010111001111110100000
01001001101000100011100011000011101011101101001101010110011001010010110101001100010110100101101010010111110001110010001001110100
11110111110111001010111000110110101101000111110101110000011110011010000111101001010111100101110110110001110001010100011011110001
11000111100111110100011000110011011100011001111001000110000001110010011110111100001111001111100000001100110101001110100101000101
00100011110111100111110110010011100111001001101000101011100111101011110011010010111101011110001001001011000100001100011011011000
00000000000000000000000000000000000000000000000000000000000000000000000000000000000000000000000000000000000000000000000000000000
