011111000100000
001010011001001
011001001011100
010101001101001
011101101101101
001100001101010
010101000010100
001101110010000
010111000000011
011100000011110
000110000100000
011110001000001
001001101010100
000001101111001
011011110110110
000110101011100
001010101001011
001001010010100
001001110100100
011111110101111
010000000011010
010110101001100
000110101001001
001110111010001
001101010111100
001110111101101
010000001110011
001110110011011
000110010110010
000100010100010
010010101001100
000000110011000
011111110101110
001001100111001
010111110011101
100001100000011
000100010001010
011010000101101
011110011101110
010111110101011
000011011001110
001010101010011
000111110001010
001001100011000
001110011101100
010100010010110
000011100101000
001110111001001
001101100101101
100010000000111
000110101111100
001001100110111
010001011100101
011010111000100
010010000001100
011011101010010
000111100011110
000001110001101
011001101011110
100001111011101
011011101101100
000010100100100
001001011001100
010101001111101
011101010100000
001000000111000
