0101001000001011
0011000000111100
0000010101011011
0110100111110110
0101111000010001
0001111101010111
0100011010001101
0010100000110010
0010011111101100
0101001110111111
0000110100010110
0111011000110111
0001010110111100
0010011100100000
0010000110010011
0100110000000000
0111011110010100
0010100110111001
0011000101101001
0101110011101100
0001010110000000
0011100011100110
0010000000100001
0010111101100010
0000101100110010
0111111001001100
0011011111100111
0011010010101111
0111111001010001
0111010001110010
0011100101000010
0110000101101101
1000101000010110
0010011000010111
0101100000110011
0000000110011001
0000110010001100
1000010110000010
0011101010001011
0110100101010111
0111001011101001
0001100010101000
0001011010100101
0101110010001001
0100011011110010
0111011111101101
0111001100100101
0000100100111101
0101000010001100
0101000001011100
1000011010010100
0100101001110010
0111101101000001
0111100010000101
1000100111010111
0110101001110001
0001101101101001
1000001100101110
0001000101110110
0011111100111010
0111010010010101
0110100100001101
1000001011111100
0101110010111101
0001010111001010
0011111010000100
0100011001111100
0011010100110000
0010111110111001
0101101010100111
0011101111110110
0100011010000111
0010011000101101
0000000000011100
0011001111000111
0000111111101110
0111101010000101
0101011000001000
0010000110101101
0111110011101000
0110010101010111
0110101101100011
1000010010111001
0010000110011100
0000000011001111
0110011011000111
0011110100111100
1000100111000000
0011100110010101
0110110010101111
0100100101011000
0000101010101100
0110011001011011
0001111111001000
0111101101000011
0011000011110011
0101010111010100
0110011010010111
0111000010000000
1000100110111101
