1100010010101101
0000000010100001
0100110110100010
0110101001111100
1100010100101000
0001001001110000
0100010010001000
1011001110101111
0111111111111001
0110001000001010
1011000100011000
1101001101110010
0010001001110010
0110111001010010
1100100001110000
1010100011100000
1101010000100011
0001111100101110
1010110111000100
1001010100101100
1011100010111010
1100011101111001
0011101010000000
0111000100101010
0110101001011101
1100011000111001
0111100111110111
0001100110010011
1101110100010110
1101110010000001
0001110111110000
0010100101110010
1010110110111110
0101101111101000
1001001101010011
1010011110101110
0100010001111000
1100010110100111
0101110001101101
1101011000000111
0101110101001111
0110100011111111
0101010101100101
0110011001100000
0000011101000010
0100111111100010
0101010010010101
1100011001111011
1001001011011110
1100111110101010
0101000000010110
1001011000000110
1001111101001011
0110000010100001
0111101111011100
1101110010111101
1000111011100000
0010110101111011
0010100001001101
0111000000011010
0001110100101010
0111100000100110
1100100100010000
0001010000100010
1011101001001100
0011000000001000
0110010011001000
1011011100010011
1100011101110110
0010011001011010
0101010110010111
1100000000111100
1101111001001101
0111111001111000
1010101000110010
0001010111001001
0010110100111110
0111001011101111
1001010100101101
0011110101111101
0000110110010110
1100000110011010
0111011110101001
1001101110011111
1011011011001010
0001010000000100
0000011011111010
0110001001101001
0110011101111111
1011010111110111
0000001010110110
0110100110101111
1101111010000011
1101110010110100
0110011110001001
0011110111101001
0011011011101001
0101101001001100
0010001001101101
1100011000011010
1001100011110100
0110010110101101
0011110110010010
1011111110001111
0100001101001100
1001000100110101
0011100010111010
0011101000110011
1011100001011100
1010100011100110
0010101111010001
0001011001101010
1001100111001110
1000111011100101
0011011001111001
0010011010111111
1001000100111001
0000100110100010
0111011001110000
1000110001101010
0100011101010001
0101101110101011
0011011000100010
0011111001101001
1001110101110000
1011110111001101
0111100110101000
0101110001000100
0010011010000110
0000011001100100
0111010011100110
